0 0 0 0 0 0 0 0 0 0 0 0 5 0 0 4 0 0 0 0 2 0 0 0 0 0 0 3 0 0 6 0 0 0 6 0 0 0 0 0 0 0 0 0 0 0 0 0 0 0 0 0 0 0 0 0 8 0 6 0 0 0 0 0 0 0 0 0 0 0 0 3 0 0 0 0 1 0 2 0 6 0 0 0 0 0 0 0 0 0 2 0 0 0 0 0 0 0 0 0 0 0 4 0 0 0 0 0 0 0 7 1 2 0 0 0 0 0 0 0 0 1 0 0 0 0 0 0
0 0 0 0 0 0 0 0 0 0 0 0 17 0 0 12 0 0 0 0 6 0 0 0 0 0 0 8 0 0 18 0 0 1 21 0 0 0 0 0 0 0 0 1 0 0 0 0 0 0 0 0 0 1 0 0 26 0 18 0 0 0 0 0 0 0 0 0 0 0 0 10 0 0 0 0 3 0 7 0 18 0 0 0 0 0 0 0 0 0 5 0 0 0 0 0 0 0 0 0 0 0 13 0 0 0 0 0 0 0 21 4 6 0 0 0 0 0 0 0 0 2 0 0 0 0 0 0
0 0 0 0 0 0 0 5 0 0 0 0 0 0 0 0 0 0 0 0 10 0 0 0 17 0 0 0 0 0 0 11 0 0 0 8 0 0 0 24 0 0 0 0 0 0 0 0 5 11 0 0 0 0 0 7 0 0 0 0 0 16 0 0 0 0 0 0 0 0 0 0 0 0 0 11 0 0 14 0 0 0 0 0 0 0 0 0 0 0 0 0 21 0 7 0 24 0 0 0 0 0 0 0 0 0 12 0 0 0 0 0 0 1 0 0 0 0 0 0 0 0 0 0 0 0 0 0
0 0 0 0 0 0 0 4 0 0 0 0 0 0 0 0 0 0 0 0 9 0 0 0 16 0 0 0 0 0 0 10 0 0 0 7 0 0 0 22 0 0 0 0 0 0 0 0 5 10 0 0 0 0 0 7 0 0 0 0 0 15 0 0 0 0 0 0 0 0 0 0 0 0 0 10 0 0 13 0 0 0 0 0 0 0 0 0 0 0 0 0 20 0 6 0 22 0 0 0 0 0 0 0 0 0 11 0 0 0 0 0 0 1 0 0 0 0 0 0 0 0 0 0 0 0 0 0
0 0 0 0 0 0 0 0 0 0 0 0 19 0 0 13 0 0 0 0 7 0 0 0 0 0 0 9 0 0 21 0 0 1 23 0 0 0 0 0 0 0 0 1 0 0 0 0 0 0 0 0 0 1 0 0 29 0 20 0 0 0 0 0 0 0 0 0 0 0 0 11 0 0 0 0 3 0 8 0 20 0 0 0 0 0 0 0 0 0 5 0 0 0 0 0 0 0 0 0 0 0 15 0 0 0 0 0 0 0 23 5 7 0 0 0 0 0 0 0 0 2 0 0 0 0 0 0
0 0 0 0 0 0 0 4 0 0 0 0 0 0 0 0 0 0 0 0 10 0 0 0 17 0 0 0 0 0 0 11 0 0 0 8 0 0 0 24 0 0 0 0 0 0 0 0 5 11 0 0 0 0 0 7 0 0 0 0 0 16 0 0 0 0 0 0 0 0 0 0 0 0 0 11 0 0 14 0 0 0 0 0 0 0 0 0 0 0 0 0 21 0 7 0 24 0 0 0 0 0 0 0 0 0 12 0 0 0 0 0 0 1 0 0 0 0 0 0 0 0 0 0 0 0 0 0
0 0 0 0 0 0 0 0 0 0 0 0 1 0 0 0 0 0 0 0 0 0 0 0 0 0 0 0 0 0 1 0 0 0 1 0 0 0 0 0 0 0 0 0 0 0 0 0 0 0 0 0 0 0 0 0 1 0 1 0 0 0 0 0 0 0 0 0 0 0 0 0 0 0 0 0 0 0 0 0 1 0 0 0 0 0 0 0 0 0 0 0 0 0 0 0 0 0 0 0 0 0 1 0 0 0 0 0 0 0 1 0 0 0 0 0 0 0 0 0 0 0 0 0 0 0 0 0
0 0 0 0 0 0 0 4 0 0 0 0 0 0 0 0 0 0 0 0 9 0 0 0 15 0 0 0 0 0 0 10 0 0 0 7 0 0 0 22 0 0 0 0 0 0 0 0 5 10 0 0 0 0 0 7 0 0 0 0 0 14 0 0 0 0 0 0 0 0 0 0 0 0 0 10 0 0 12 0 0 0 0 0 0 0 0 0 0 0 0 0 19 0 6 0 22 0 0 0 0 0 0 0 0 0 11 0 0 0 0 0 0 1 0 0 0 0 0 0 0 0 0 0 0 0 0 0
0 0 0 0 0 0 0 0 0 0 0 0 0 0 0 0 0 0 0 0 0 0 0 0 0 0 0 0 0 0 0 0 0 0 0 0 0 0 0 0 0 0 0 0 0 0 0 0 0 0 0 0 0 0 0 0 0 0 0 0 0 0 0 0 0 0 0 0 0 0 0 0 0 0 0 0 0 0 0 0 0 0 0 0 0 0 0 0 0 0 0 0 0 0 0 0 0 0 0 0 0 0 0 0 0 0 0 0 0 0 0 0 0 0 0 0 0 0 0 0 0 0 0 0 0 0 0 0
0 0 0 0 0 0 0 4 0 0 0 0 0 0 0 0 0 0 0 0 9 0 0 0 15 0 0 0 0 0 0 10 0 0 0 7 0 0 0 21 0 0 0 0 0 0 0 0 5 10 0 0 0 0 0 7 0 0 0 0 0 14 0 0 0 0 0 0 0 0 0 0 0 0 0 10 0 0 12 0 0 0 0 0 0 0 0 0 0 0 0 0 19 0 6 0 21 0 0 0 0 0 0 0 0 0 11 0 0 0 0 0 0 1 0 0 0 0 0 0 0 0 0 0 0 0 0 0
0 0 0 0 0 0 0 2 0 0 0 0 0 0 0 0 0 0 0 0 5 0 0 0 9 0 0 0 0 0 0 6 0 0 0 4 0 0 0 13 0 0 0 0 0 0 0 0 3 6 0 0 0 0 0 4 0 0 0 0 0 9 0 0 0 0 0 0 0 0 0 0 0 0 0 6 0 0 7 0 0 0 0 0 0 0 0 0 0 0 0 0 12 0 4 0 13 0 0 0 0 0 0 0 0 0 7 0 0 0 0 0 0 1 0 0 0 0 0 0 0 0 0 0 0 0 0 0
0 0 0 0 0 0 0 0 0 0 0 0 19 0 0 13 0 0 0 0 7 0 0 0 0 0 0 10 0 0 21 0 0 1 23 0 0 0 0 0 0 0 0 1 0 0 0 0 0 0 0 0 0 1 0 0 30 0 20 0 0 0 0 0 0 0 0 0 0 0 0 11 0 0 0 0 4 0 8 0 20 0 0 0 0 0 0 0 0 0 6 0 0 0 0 0 0 0 0 0 0 0 15 0 0 0 0 0 0 0 24 4 7 0 0 0 0 0 0 0 0 2 0 0 0 0 0 0
0 0 0 0 0 0 0 4 0 0 0 0 0 0 0 0 0 0 0 0 8 0 0 0 14 0 0 0 0 0 0 9 0 0 0 6 0 0 0 20 0 0 0 0 0 0 0 0 4 9 0 0 0 0 0 6 0 0 0 0 0 13 0 0 0 0 0 0 0 0 0 0 0 0 0 9 0 0 11 0 0 0 0 0 0 0 0 0 0 0 0 0 18 0 6 0 20 0 0 0 0 0 0 0 0 0 10 0 0 0 0 0 0 1 0 0 0 0 0 0 0 0 0 0 0 0 0 0
0 0 0 0 0 0 0 3 0 0 0 0 0 0 0 0 0 0 0 0 8 0 0 0 13 0 0 0 0 0 0 8 0 0 0 6 0 0 0 18 0 0 0 0 0 0 0 0 4 8 0 0 0 0 0 6 0 0 0 0 0 12 0 0 0 0 0 0 0 0 0 0 0 0 0 8 0 0 10 0 0 0 0 0 0 0 0 0 0 0 0 0 16 0 5 0 18 0 0 0 0 0 0 0 0 0 9 0 0 0 0 0 0 1 0 0 0 0 0 0 0 0 0 0 0 0 0 0
0 0 0 0 0 0 0 4 0 0 0 0 0 0 0 0 0 0 0 0 9 0 0 0 15 0 0 0 0 0 0 10 0 0 0 7 0 0 0 22 0 0 0 0 0 0 0 0 5 10 0 0 0 0 0 7 0 0 0 0 0 14 0 0 0 0 0 0 0 0 0 0 0 0 0 10 0 0 12 0 0 0 0 0 0 0 0 0 0 0 0 0 19 0 6 0 22 0 0 0 0 0 0 0 0 0 11 0 0 0 0 0 0 1 0 0 0 0 0 0 0 0 0 0 0 0 0 0
0 0 0 0 0 0 0 0 0 0 0 0 0 0 0 0 0 0 0 0 0 0 0 0 0 0 0 0 0 0 0 0 0 0 0 0 0 0 0 0 0 0 0 0 0 0 0 0 0 0 0 0 0 0 0 0 0 0 0 0 0 0 0 0 0 0 0 0 0 0 0 0 0 0 0 0 0 0 0 0 0 0 0 0 0 0 0 0 0 0 0 0 0 0 0 0 0 0 0 0 0 0 0 0 0 0 0 0 0 0 0 0 0 0 0 0 0 0 0 0 0 0 0 0 0 0 0 0
0 0 0 0 0 0 0 0 0 0 0 0 14 0 0 10 0 0 0 0 5 0 0 0 0 0 0 7 0 0 15 0 0 1 17 0 0 0 0 0 0 0 0 1 0 0 0 0 0 0 0 0 0 1 0 0 22 0 15 0 0 0 0 0 0 0 0 0 0 0 0 8 0 0 0 0 3 0 6 0 15 0 0 0 0 0 0 0 0 0 4 0 0 0 0 0 0 0 0 0 0 0 11 0 0 0 0 0 0 0 17 3 5 0 0 0 0 0 0 0 0 2 0 0 0 0 0 0
0 0 0 0 0 0 0 4 0 0 0 0 0 0 0 0 0 0 0 0 8 0 0 0 14 0 0 0 0 0 0 9 0 0 0 6 0 0 0 20 0 0 0 0 0 0 0 0 4 9 0 0 0 0 0 6 0 0 0 0 0 13 0 0 0 0 0 0 0 0 0 0 0 0 0 9 0 0 11 0 0 0 0 0 0 0 0 0 0 0 0 0 18 0 6 0 20 0 0 0 0 0 0 0 0 0 10 0 0 0 0 0 0 1 0 0 0 0 0 0 0 0 0 0 0 0 0 0
0 0 0 0 0 0 0 0 0 0 0 0 21 0 0 15 0 0 0 0 8 0 0 0 0 0 0 11 0 0 23 0 0 1 26 0 0 0 0 0 0 0 0 1 0 0 0 0 0 0 0 0 0 1 0 0 33 0 22 0 0 0 0 0 0 0 0 0 0 0 0 13 0 0 0 0 4 0 9 0 23 0 0 0 0 0 0 0 0 0 6 0 0 0 0 0 0 0 0 0 0 0 17 0 0 0 0 0 0 0 26 5 8 0 0 0 0 0 0 0 0 3 0 0 0 0 0 0
0 0 0 0 0 0 0 4 0 0 0 0 0 0 0 0 0 0 0 0 9 0 0 0 14 0 0 0 0 0 0 9 0 0 0 6 0 0 0 20 0 0 0 0 0 0 0 0 4 9 0 0 0 0 0 6 0 0 0 0 0 13 0 0 0 0 0 0 0 0 0 0 0 0 0 9 0 0 12 0 0 0 0 0 0 0 0 0 0 0 0 0 18 0 6 0 20 0 0 0 0 0 0 0 0 0 10 0 0 0 0 0 0 1 0 0 0 0 0 0 0 0 0 0 0 0 0 0
0 0 0 0 0 0 0 3 0 0 0 0 0 0 0 0 0 0 0 0 7 0 0 0 11 0 0 0 0 0 0 7 0 0 0 5 0 0 0 16 0 0 0 0 0 0 0 0 3 7 0 0 0 0 0 5 0 0 0 0 0 11 0 0 0 0 0 0 0 0 0 0 0 0 0 7 0 0 9 0 0 0 0 0 0 0 0 0 0 0 0 0 14 0 4 0 16 0 0 0 0 0 0 0 0 0 8 0 0 0 0 0 0 1 0 0 0 0 0 0 0 0 0 0 0 0 0 0
0 0 0 0 0 0 0 4 0 0 0 0 0 0 0 0 0 0 0 0 10 0 0 0 17 0 0 0 0 0 0 11 0 0 0 8 0 0 0 24 0 0 0 0 0 0 0 0 5 11 0 0 0 0 0 7 0 0 0 0 0 16 0 0 0 0 0 0 0 0 0 0 0 0 0 11 0 0 14 0 0 0 0 0 0 0 0 0 0 0 0 0 21 0 7 0 24 0 0 0 0 0 0 0 0 0 12 0 0 0 0 0 0 1 0 0 0 0 0 0 0 0 0 0 0 0 0 0
0 0 0 0 0 0 0 5 0 0 0 0 0 0 0 0 0 0 0 0 10 0 0 0 17 0 0 0 0 0 0 11 0 0 0 8 0 0 0 24 0 0 0 0 0 0 0 0 5 11 0 0 0 0 0 7 0 0 0 0 0 16 0 0 0 0 0 0 0 0 0 0 0 0 0 11 0 0 13 0 0 0 0 0 0 0 0 0 0 0 0 0 21 0 7 0 24 0 0 0 0 0 0 0 0 0 12 0 0 0 0 0 0 1 0 0 0 0 0 0 0 0 0 0 0 0 0 0
0 0 0 0 0 0 0 4 0 0 0 0 0 0 0 0 0 0 0 0 9 0 0 0 15 0 0 0 0 0 0 10 0 0 0 7 0 0 0 21 0 0 0 0 0 0 0 0 5 10 0 0 0 0 0 7 0 0 0 0 0 14 0 0 0 0 0 0 0 0 0 0 0 0 0 10 0 0 12 0 0 0 0 0 0 0 0 0 0 0 0 0 19 0 6 0 21 0 0 0 0 0 0 0 0 0 11 0 0 0 0 0 0 1 0 0 0 0 0 0 0 0 0 0 0 0 0 0
0 0 0 0 0 0 0 0 0 0 0 0 0 0 0 0 0 0 0 0 0 0 0 0 0 0 0 0 0 0 0 0 0 0 0 0 0 0 0 0 0 0 0 0 0 0 0 0 0 0 0 0 0 0 0 0 0 0 0 0 0 0 0 0 0 0 0 0 0 0 0 0 0 0 0 0 0 0 0 0 0 0 0 0 0 0 0 0 0 0 0 0 0 0 0 0 0 0 0 0 0 0 0 0 0 0 0 0 0 0 0 0 0 0 0 0 0 0 0 0 0 0 0 0 0 0 0 0
0 0 0 0 0 0 0 4 0 0 0 0 0 0 0 0 0 0 0 0 10 0 0 0 17 0 0 0 0 0 0 11 0 0 0 8 0 0 0 24 0 0 0 0 0 0 0 0 5 11 0 0 0 0 0 7 0 0 0 0 0 16 0 0 0 0 0 0 0 0 0 0 0 0 0 11 0 0 14 0 0 0 0 0 0 0 0 0 0 0 0 0 21 0 7 0 24 0 0 0 0 0 0 0 0 0 12 0 0 0 0 0 0 1 0 0 0 0 0 0 0 0 0 0 0 0 0 0
0 0 0 0 0 0 0 0 0 0 0 0 28 0 0 20 0 0 0 0 11 0 0 0 0 0 0 14 0 0 31 0 0 2 34 0 0 0 0 0 0 0 0 1 0 0 0 0 0 0 0 0 0 1 0 0 44 0 29 0 0 0 0 0 0 0 0 0 0 0 0 17 0 0 0 0 5 0 11 0 30 0 0 0 0 0 0 0 0 0 8 0 0 0 0 0 0 0 0 0 0 0 22 0 0 0 0 0 0 0 35 7 10 0 0 0 0 0 0 0 0 3 0 0 0 0 0 0
0 0 0 0 0 0 0 0 0 0 0 0 13 0 0 9 0 0 0 0 5 0 0 0 0 0 0 7 0 0 15 0 0 1 17 0 0 0 0 0 0 0 0 1 0 0 0 0 0 0 0 0 0 1 0 0 21 0 14 0 0 0 0 0 0 0 0 0 0 0 0 8 0 0 0 0 2 0 6 0 14 0 0 0 0 0 0 0 0 0 4 0 0 0 0 0 0 0 0 0 0 0 11 0 0 0 0 0 0 0 17 3 5 0 0 0 0 0 0 0 0 2 0 0 0 0 0 0
0 0 0 0 0 0 0 0 0 0 0 0 11 0 0 7 0 0 0 0 4 0 0 0 0 0 0 5 0 0 11 0 0 1 13 0 0 0 0 0 0 0 0 1 0 0 0 0 0 0 0 0 0 0 0 0 17 0 11 0 0 0 0 0 0 0 0 0 0 0 0 6 0 0 0 0 2 0 4 0 11 0 0 0 0 0 0 0 0 0 3 0 0 0 0 0 0 0 0 0 0 0 8 0 0 0 0 0 0 0 13 3 4 0 0 0 0 0 0 0 0 1 0 0 0 0 0 0
0 0 0 0 0 0 0 4 0 0 0 0 0 0 0 0 0 0 0 0 10 0 0 0 17 0 0 0 0 0 0 11 0 0 0 8 0 0 0 24 0 0 0 0 0 0 0 0 5 11 0 0 0 0 0 7 0 0 0 0 0 16 0 0 0 0 0 0 0 0 0 0 0 0 0 11 0 0 14 0 0 0 0 0 0 0 0 0 0 0 0 0 21 0 7 0 24 0 0 0 0 0 0 0 0 0 12 0 0 0 0 0 0 1 0 0 0 0 0 0 0 0 0 0 0 0 0 0
0 0 0 0 0 0 0 0 0 0 0 0 7 0 0 5 0 0 0 0 3 0 0 0 0 0 0 4 0 0 7 0 0 1 8 0 0 0 0 0 0 0 0 0 0 0 0 0 0 0 0 0 0 0 0 0 11 0 7 0 0 0 0 0 0 0 0 0 0 0 0 4 0 0 0 0 1 0 3 0 7 0 0 0 0 0 0 0 0 0 2 0 0 0 0 0 0 0 0 0 0 0 5 0 0 0 0 0 0 0 9 2 3 0 0 0 0 0 0 0 0 1 0 0 0 0 0 0
0 0 0 0 0 0 0 0 0 0 0 0 17 0 0 12 0 0 0 0 7 0 0 0 0 0 0 9 0 0 19 0 0 1 21 0 0 0 0 0 0 0 0 1 0 0 0 0 0 0 0 0 0 1 0 0 27 0 18 0 0 0 0 0 0 0 0 0 0 0 0 10 0 0 0 0 3 0 7 0 18 0 0 0 0 0 0 0 0 0 5 0 0 0 0 0 0 0 0 0 0 0 14 0 0 0 0 0 0 0 22 4 6 0 0 0 0 0 0 0 0 2 0 0 0 0 0 0
0 0 0 0 0 0 0 0 0 0 0 0 0 0 0 0 0 0 0 0 0 0 0 0 0 0 0 0 0 0 0 0 0 0 0 0 0 0 0 0 0 0 0 0 0 0 0 0 0 0 0 0 0 0 0 0 0 0 0 0 0 0 0 0 0 0 0 0 0 0 0 0 0 0 0 0 0 0 0 0 0 0 0 0 0 0 0 0 0 0 0 0 0 0 0 0 0 0 0 0 0 0 0 0 0 0 0 0 0 0 0 0 0 0 0 0 0 0 0 0 0 0 0 0 0 0 0 0
0 0 0 0 0 0 0 4 0 0 0 0 0 0 0 0 0 0 0 0 8 0 0 0 14 0 0 0 0 0 0 9 0 0 0 6 0 0 0 20 0 0 0 0 0 0 0 0 4 9 0 0 0 0 0 6 0 0 0 0 0 13 0 0 0 0 0 0 0 0 0 0 0 0 0 9 0 0 11 0 0 0 0 0 0 0 0 0 0 0 0 0 17 0 6 0 20 0 0 0 0 0 0 0 0 0 10 0 0 0 0 0 0 1 0 0 0 0 0 0 0 0 0 0 0 0 0 0
0 0 0 0 0 0 0 4 0 0 0 0 0 0 0 0 0 0 0 0 10 0 0 0 17 0 0 0 0 0 0 11 0 0 0 8 0 0 0 24 0 0 0 0 0 0 0 0 5 11 0 0 0 0 0 7 0 0 0 0 0 16 0 0 0 0 0 0 0 0 0 0 0 0 0 11 0 0 14 0 0 0 0 0 0 0 0 0 0 0 0 0 21 0 7 0 24 0 0 0 0 0 0 0 0 0 12 0 0 0 0 0 0 1 0 0 0 0 0 0 0 0 0 0 0 0 0 0
0 0 0 0 0 0 0 0 0 0 0 0 21 0 0 14 0 0 0 0 8 0 0 0 0 0 0 10 0 0 23 0 0 1 25 0 0 0 0 0 0 0 0 1 0 0 0 0 0 0 0 0 0 1 0 0 32 0 22 0 0 0 0 0 0 0 0 0 0 0 0 12 0 0 0 0 4 0 8 0 22 0 0 0 0 0 0 0 0 0 6 0 0 0 0 0 0 0 0 0 0 0 16 0 0 0 0 0 0 0 26 5 8 0 0 0 0 0 0 0 0 2 0 0 0 0 0 0
0 0 0 0 0 0 0 4 0 0 0 0 0 0 0 0 0 0 0 0 9 0 0 0 15 0 0 0 0 0 0 10 0 0 0 7 0 0 0 22 0 0 0 0 0 0 0 0 5 10 0 0 0 0 0 7 0 0 0 0 0 14 0 0 0 0 0 0 0 0 0 0 0 0 0 10 0 0 12 0 0 0 0 0 0 0 0 0 0 0 0 0 19 0 6 0 22 0 0 0 0 0 0 0 0 0 11 0 0 0 0 0 0 1 0 0 0 0 0 0 0 0 0 0 0 0 0 0
0 0 0 0 0 0 0 4 0 0 0 0 0 0 0 0 0 0 0 0 8 0 0 0 14 0 0 0 0 0 0 9 0 0 0 6 0 0 0 20 0 0 0 0 0 0 0 0 4 9 0 0 0 0 0 6 0 0 0 0 0 13 0 0 0 0 0 0 0 0 0 0 0 0 0 9 0 0 11 0 0 0 0 0 0 0 0 0 0 0 0 0 17 0 6 0 20 0 0 0 0 0 0 0 0 0 10 0 0 0 0 0 0 1 0 0 0 0 0 0 0 0 0 0 0 0 0 0
0 0 0 0 0 0 0 0 0 0 0 0 5 0 0 3 0 0 0 0 2 0 0 0 0 0 0 2 0 0 5 0 0 0 6 0 0 0 0 0 0 0 0 0 0 0 0 0 0 0 0 0 0 0 0 0 7 0 5 0 0 0 0 0 0 0 0 0 0 0 0 3 0 0 0 0 1 0 2 0 5 0 0 0 0 0 0 0 0 0 1 0 0 0 0 0 0 0 0 0 0 0 4 0 0 0 0 0 0 0 6 1 2 0 0 0 0 0 0 0 0 1 0 0 0 0 0 0
0 0 0 0 0 0 0 4 0 0 0 0 0 0 0 0 0 0 0 0 9 0 0 0 16 0 0 0 0 0 0 10 0 0 0 7 0 0 0 22 0 0 0 0 0 0 0 0 5 10 0 0 0 0 0 7 0 0 0 0 0 15 0 0 0 0 0 0 0 0 0 0 0 0 0 10 0 0 13 0 0 0 0 0 0 0 0 0 0 0 0 0 20 0 6 0 22 0 0 0 0 0 0 0 0 0 11 0 0 0 0 0 0 1 0 0 0 0 0 0 0 0 0 0 0 0 0 0
0 0 0 0 0 0 0 4 0 0 0 0 0 0 0 0 0 0 0 0 9 0 0 0 15 0 0 0 0 0 0 10 0 0 0 7 0 0 0 21 0 0 0 0 0 0 0 0 5 10 0 0 0 0 0 7 0 0 0 0 0 14 0 0 0 0 0 0 0 0 0 0 0 0 0 10 0 0 12 0 0 0 0 0 0 0 0 0 0 0 0 0 19 0 6 0 21 0 0 0 0 0 0 0 0 0 11 0 0 0 0 0 0 1 0 0 0 0 0 0 0 0 0 0 0 0 0 0
0 0 0 0 0 0 0 0 0 0 0 0 21 0 0 15 0 0 0 0 8 0 0 0 0 0 0 11 0 0 23 0 0 1 26 0 0 0 0 0 0 0 0 1 0 0 0 0 0 0 0 0 0 1 0 0 34 0 23 0 0 0 0 0 0 0 0 0 0 0 0 13 0 0 0 0 4 0 9 0 23 0 0 0 0 0 0 0 0 0 6 0 0 0 0 0 0 0 0 0 0 0 17 0 0 0 0 0 0 0 27 5 8 0 0 0 0 0 0 0 0 3 0 0 0 0 0 0
0 0 0 0 0 0 0 4 0 0 0 0 0 0 0 0 0 0 0 0 8 0 0 0 14 0 0 0 0 0 0 9 0 0 0 6 0 0 0 20 0 0 0 0 0 0 0 0 4 9 0 0 0 0 0 6 0 0 0 0 0 13 0 0 0 0 0 0 0 0 0 0 0 0 0 9 0 0 11 0 0 0 0 0 0 0 0 0 0 0 0 0 18 0 6 0 20 0 0 0 0 0 0 0 0 0 10 0 0 0 0 0 0 1 0 0 0 0 0 0 0 0 0 0 0 0 0 0
0 0 0 0 0 0 0 4 0 0 0 0 0 0 0 0 0 0 0 0 8 0 0 0 14 0 0 0 0 0 0 9 0 0 0 6 0 0 0 20 0 0 0 0 0 0 0 0 4 9 0 0 0 0 0 6 0 0 0 0 0 13 0 0 0 0 0 0 0 0 0 0 0 0 0 9 0 0 11 0 0 0 0 0 0 0 0 0 0 0 0 0 17 0 5 0 19 0 0 0 0 0 0 0 0 0 10 0 0 0 0 0 0 1 0 0 0 0 0 0 0 0 0 0 0 0 0 0
0 0 0 0 0 0 0 0 0 0 0 0 16 0 0 11 0 0 0 0 6 0 0 0 0 0 0 8 0 0 17 0 0 1 19 0 0 0 0 0 0 0 0 1 0 0 0 0 0 0 0 0 0 1 0 0 25 0 17 0 0 0 0 0 0 0 0 0 0 0 0 9 0 0 0 0 3 0 6 0 17 0 0 0 0 0 0 0 0 0 5 0 0 0 0 0 0 0 0 0 0 0 13 0 0 0 0 0 0 0 20 4 6 0 0 0 0 0 0 0 0 2 0 0 0 0 0 0
0 0 0 0 0 0 0 4 0 0 0 0 0 0 0 0 0 0 0 0 10 0 0 0 17 0 0 0 0 0 0 11 0 0 0 8 0 0 0 24 0 0 0 0 0 0 0 0 5 11 0 0 0 0 0 7 0 0 0 0 0 16 0 0 0 0 0 0 0 0 0 0 0 0 0 11 0 0 14 0 0 0 0 0 0 0 0 0 0 0 0 0 21 0 7 0 24 0 0 0 0 0 0 0 0 0 12 0 0 0 0 0 0 1 0 0 0 0 0 0 0 0 0 0 0 0 0 0
0 0 0 0 0 0 0 0 0 0 0 0 18 0 0 12 0 0 0 0 7 0 0 0 0 0 0 9 0 0 19 0 0 1 21 0 0 0 0 0 0 0 0 1 0 0 0 0 0 0 0 0 0 1 0 0 27 0 18 0 0 0 0 0 0 0 0 0 0 0 0 11 0 0 0 0 3 0 7 0 19 0 0 0 0 0 0 0 0 0 5 0 0 0 0 0 0 0 0 0 0 0 14 0 0 0 0 0 0 0 22 4 6 0 0 0 0 0 0 0 0 2 0 0 0 0 0 0
0 0 0 0 0 0 0 4 0 0 0 0 0 0 0 0 0 0 0 0 9 0 0 0 15 0 0 0 0 0 0 10 0 0 0 7 0 0 0 22 0 0 0 0 0 0 0 0 5 10 0 0 0 0 0 7 0 0 0 0 0 15 0 0 0 0 0 0 0 0 0 0 0 0 0 10 0 0 12 0 0 0 0 0 0 0 0 0 0 0 0 0 20 0 6 0 22 0 0 0 0 0 0 0 0 0 11 0 0 0 0 0 0 1 0 0 0 0 0 0 0 0 0 0 0 0 0 0
0 0 0 0 0 0 0 0 0 0 0 0 15 0 0 11 0 0 0 0 6 0 0 0 0 0 0 8 0 0 16 0 0 1 18 0 0 0 0 0 0 0 0 1 0 0 0 0 0 0 0 0 0 1 0 0 23 0 15 0 0 0 0 0 0 0 0 0 0 0 0 9 0 0 0 0 3 0 6 0 16 0 0 0 0 0 0 0 0 0 4 0 0 0 0 0 0 0 0 0 0 0 12 0 0 0 0 0 0 0 19 3 5 0 0 0 0 0 0 0 0 2 0 0 0 0 0 0
0 0 0 0 0 0 0 5 0 0 0 0 0 0 0 0 0 0 0 0 10 0 0 0 17 0 0 0 0 0 0 11 0 0 0 8 0 0 0 24 0 0 0 0 0 0 0 0 5 11 0 0 0 0 0 7 0 0 0 0 0 16 0 0 0 0 0 0 0 0 0 0 0 0 0 11 0 0 13 0 0 0 0 0 0 0 0 0 0 0 0 0 21 0 7 0 24 0 0 0 0 0 0 0 0 0 12 0 0 0 0 0 0 1 0 0 0 0 0 0 0 0 0 0 0 0 0 0
0 0 0 0 0 0 0 0 0 0 0 0 0 0 0 0 0 0 0 0 0 0 0 0 0 0 0 0 0 0 0 0 0 0 0 0 0 0 0 0 0 0 0 0 0 0 0 0 0 0 0 0 0 0 0 0 0 0 0 0 0 0 0 0 0 0 0 0 0 0 0 0 0 0 0 0 0 0 0 0 0 0 0 0 0 0 0 0 0 0 0 0 0 0 0 0 0 0 0 0 0 0 0 0 0 0 0 0 0 0 0 0 0 0 0 0 0 0 0 0 0 0 0 0 0 0 0 0
0 0 0 0 0 0 0 0 0 0 0 0 13 0 0 9 0 0 0 0 5 0 0 0 0 0 0 7 0 0 15 0 0 1 17 0 0 0 0 0 0 0 0 1 0 0 0 0 0 0 0 0 0 1 0 0 21 0 14 0 0 0 0 0 0 0 0 0 0 0 0 8 0 0 0 0 2 0 6 0 14 0 0 0 0 0 0 0 0 0 4 0 0 0 0 0 0 0 0 0 0 0 11 0 0 0 0 0 0 0 17 3 5 0 0 0 0 0 0 0 0 2 0 0 0 0 0 0
0 0 0 0 0 0 0 0 0 0 0 0 26 0 0 18 0 0 0 0 10 0 0 0 0 0 0 13 0 0 29 0 0 2 32 0 0 0 0 0 0 0 0 1 0 0 0 0 0 0 0 0 0 1 0 0 41 0 27 0 0 0 0 0 0 0 0 0 0 0 0 16 0 0 0 0 5 0 11 0 28 0 0 0 0 0 0 0 0 0 8 0 0 0 0 0 0 0 0 0 0 0 21 0 0 0 0 0 0 0 33 6 10 0 0 0 0 0 0 0 0 3 0 0 0 0 0 0
0 0 0 0 0 0 0 0 0 0 0 0 24 0 0 17 0 0 0 0 9 0 0 0 0 0 0 12 0 0 26 0 0 2 29 0 0 0 0 0 0 0 0 1 0 0 0 0 0 0 0 0 0 1 0 0 37 0 25 0 0 0 0 0 0 0 0 0 0 0 0 14 0 0 0 0 5 0 10 0 26 0 0 0 0 0 0 0 0 0 7 0 0 0 0 0 0 0 0 0 0 0 19 0 0 0 0 0 0 0 30 6 9 0 0 0 0 0 0 0 0 3 0 0 0 0 0 0
0 0 0 0 0 0 0 4 0 0 0 0 0 0 0 0 0 0 0 0 9 0 0 0 15 0 0 0 0 0 0 10 0 0 0 7 0 0 0 21 0 0 0 0 0 0 0 0 5 10 0 0 0 0 0 7 0 0 0 0 0 14 0 0 0 0 0 0 0 0 0 0 0 0 0 10 0 0 12 0 0 0 0 0 0 0 0 0 0 0 0 0 19 0 6 0 21 0 0 0 0 0 0 0 0 0 11 0 0 0 0 0 0 1 0 0 0 0 0 0 0 0 0 0 0 0 0 0
0 0 0 0 0 0 0 0 0 0 0 0 4 0 0 3 0 0 0 0 2 0 0 0 0 0 0 2 0 0 5 0 0 0 5 0 0 0 0 0 0 0 0 0 0 0 0 0 0 0 0 0 0 0 0 0 7 0 4 0 0 0 0 0 0 0 0 0 0 0 0 3 0 0 0 0 1 0 2 0 5 0 0 0 0 0 0 0 0 0 1 0 0 0 0 0 0 0 0 0 0 0 3 0 0 0 0 0 0 0 5 1 2 0 0 0 0 0 0 0 0 0 0 0 0 0 0 0
0 0 0 0 0 0 0 0 0 0 0 0 10 0 0 7 0 0 0 0 4 0 0 0 0 0 0 5 0 0 11 0 0 1 12 0 0 0 0 0 0 0 0 1 0 0 0 0 0 0 0 0 0 0 0 0 16 0 11 0 0 0 0 0 0 0 0 0 0 0 0 6 0 0 0 0 2 0 4 0 11 0 0 0 0 0 0 0 0 0 3 0 0 0 0 0 0 0 0 0 0 0 8 0 0 0 0 0 0 0 13 2 4 0 0 0 0 0 0 0 0 1 0 0 0 0 0 0
0 0 0 0 0 0 0 4 0 0 0 0 0 0 0 0 0 0 0 0 10 0 0 0 17 0 0 0 0 0 0 11 0 0 0 8 0 0 0 24 0 0 0 0 0 0 0 0 5 11 0 0 0 0 0 7 0 0 0 0 0 16 0 0 0 0 0 0 0 0 0 0 0 0 0 11 0 0 14 0 0 0 0 0 0 0 0 0 0 0 0 0 21 0 7 0 24 0 0 0 0 0 0 0 0 0 12 0 0 0 0 0 0 1 0 0 0 0 0 0 0 0 0 0 0 0 0 0
0 0 0 0 0 0 0 3 0 0 0 0 0 0 0 0 0 0 0 0 6 0 0 0 11 0 0 0 0 0 0 7 0 0 0 5 0 0 0 15 0 0 0 0 0 0 0 0 3 7 0 0 0 0 0 5 0 0 0 0 0 10 0 0 0 0 0 0 0 0 0 0 0 0 0 7 0 0 9 0 0 0 0 0 0 0 0 0 0 0 0 0 13 0 4 0 15 0 0 0 0 0 0 0 0 0 8 0 0 0 0 0 0 1 0 0 0 0 0 0 0 0 0 0 0 0 0 0
0 0 0 0 0 0 0 0 0 0 0 0 14 0 0 10 0 0 0 0 5 0 0 0 0 0 0 7 0 0 15 0 0 1 17 0 0 0 0 0 0 0 0 1 0 0 0 0 0 0 0 0 0 1 0 0 22 0 15 0 0 0 0 0 0 0 0 0 0 0 0 8 0 0 0 0 3 0 6 0 15 0 0 0 0 0 0 0 0 0 4 0 0 0 0 0 0 0 0 0 0 0 11 0 0 0 0 0 0 0 17 3 5 0 0 0 0 0 0 0 0 2 0 0 0 0 0 0
0 0 0 0 0 0 0 4 0 0 0 0 0 0 0 0 0 0 0 0 10 0 0 0 17 0 0 0 0 0 0 11 0 0 0 8 0 0 0 24 0 0 0 0 0 0 0 0 5 11 0 0 0 0 0 7 0 0 0 0 0 16 0 0 0 0 0 0 0 0 0 0 0 0 0 11 0 0 13 0 0 0 0 0 0 0 0 0 0 0 0 0 21 0 7 0 24 0 0 0 0 0 0 0 0 0 12 0 0 0 0 0 0 1 0 0 0 0 0 0 0 0 0 0 0 0 0 0
0 0 0 0 0 0 0 0 0 0 0 0 16 0 0 11 0 0 0 0 6 0 0 0 0 0 0 8 0 0 17 0 0 1 19 0 0 0 0 0 0 0 0 1 0 0 0 0 0 0 0 0 0 1 0 0 25 0 17 0 0 0 0 0 0 0 0 0 0 0 0 9 0 0 0 0 3 0 6 0 17 0 0 0 0 0 0 0 0 0 5 0 0 0 0 0 0 0 0 0 0 0 13 0 0 0 0 0 0 0 20 4 6 0 0 0 0 0 0 0 0 2 0 0 0 0 0 0
0 0 0 0 0 0 0 0 0 0 0 0 21 0 0 14 0 0 0 0 8 0 0 0 0 0 0 10 0 0 23 0 0 1 25 0 0 0 0 0 0 0 0 1 0 0 0 0 0 0 0 0 0 1 0 0 32 0 22 0 0 0 0 0 0 0 0 0 0 0 0 12 0 0 0 0 4 0 8 0 22 0 0 0 0 0 0 0 0 0 6 0 0 0 0 0 0 0 0 0 0 0 16 0 0 0 0 0 0 0 26 5 8 0 0 0 0 0 0 0 0 2 0 0 0 0 0 0
0 0 0 0 0 0 0 2 0 0 0 0 0 0 0 0 0 0 0 0 4 0 0 0 6 0 0 0 0 0 0 4 0 0 0 3 0 0 0 9 0 0 0 0 0 0 0 0 2 4 0 0 0 0 0 3 0 0 0 0 0 6 0 0 0 0 0 0 0 0 0 0 0 0 0 4 0 0 5 0 0 0 0 0 0 0 0 0 0 0 0 0 8 0 2 0 9 0 0 0 0 0 0 0 0 0 4 0 0 0 0 0 0 0 0 0 0 0 0 0 0 0 0 0 0 0 0 0
0 0 0 0 0 0 0 0 0 0 0 0 2 0 0 2 0 0 0 0 1 0 0 0 0 0 0 1 0 0 3 0 0 0 3 0 0 0 0 0 0 0 0 0 0 0 0 0 0 0 0 0 0 0 0 0 4 0 3 0 0 0 0 0 0 0 0 0 0 0 0 2 0 0 0 0 1 0 1 0 3 0 0 0 0 0 0 0 0 0 1 0 0 0 0 0 0 0 0 0 0 0 2 0 0 0 0 0 0 0 3 1 1 0 0 0 0 0 0 0 0 0 0 0 0 0 0 0
0 0 0 0 0 0 0 3 0 0 0 0 0 0 0 0 0 0 0 0 7 0 0 0 12 0 0 0 0 0 0 8 0 0 0 5 0 0 0 17 0 0 0 0 0 0 0 0 4 8 0 0 0 0 0 5 0 0 0 0 0 11 0 0 0 0 0 0 0 0 0 0 0 0 0 8 0 0 10 0 0 0 0 0 0 0 0 0 0 0 0 0 15 0 5 0 17 0 0 0 0 0 0 0 0 0 8 0 0 0 0 0 0 1 0 0 0 0 0 0 0 0 0 0 0 0 0 0
0 0 0 0 0 0 0 2 0 0 0 0 0 0 0 0 0 0 0 0 6 0 0 0 9 0 0 0 0 0 0 6 0 0 0 4 0 0 0 14 0 0 0 0 0 0 0 0 3 6 0 0 0 0 0 4 0 0 0 0 0 9 0 0 0 0 0 0 0 0 0 0 0 0 0 6 0 0 8 0 0 0 0 0 0 0 0 0 0 0 0 0 12 0 4 0 13 0 0 0 0 0 0 0 0 0 7 0 0 0 0 0 0 1 0 0 0 0 0 0 0 0 0 0 0 0 0 0
0 0 0 0 0 0 0 0 0 0 0 0 20 0 0 14 0 0 0 0 7 0 0 0 0 0 0 10 0 0 21 0 0 1 24 0 0 0 0 0 0 0 0 1 0 0 0 0 0 0 0 0 0 1 0 0 30 0 20 0 0 0 0 0 0 0 0 0 0 0 0 12 0 0 0 0 4 0 8 0 21 0 0 0 0 0 0 0 0 0 6 0 0 0 0 0 0 0 0 0 0 0 16 0 0 0 0 0 0 0 24 5 7 0 0 0 0 0 0 0 0 2 0 0 0 0 0 0
0 0 0 0 0 0 0 4 0 0 0 0 0 0 0 0 0 0 0 0 10 0 0 0 17 0 0 0 0 0 0 11 0 0 0 8 0 0 0 24 0 0 0 0 0 0 0 0 5 11 0 0 0 0 0 7 0 0 0 0 0 16 0 0 0 0 0 0 0 0 0 0 0 0 0 11 0 0 13 0 0 0 0 0 0 0 0 0 0 0 0 0 21 0 7 0 24 0 0 0 0 0 0 0 0 0 12 0 0 0 0 0 0 1 0 0 0 0 0 0 0 0 0 0 0 0 0 0
0 0 0 0 0 0 0 0 0 0 0 0 13 0 0 9 0 0 0 0 5 0 0 0 0 0 0 7 0 0 15 0 0 1 16 0 0 0 0 0 0 0 0 1 0 0 0 0 0 0 0 0 0 1 0 0 21 0 14 0 0 0 0 0 0 0 0 0 0 0 0 8 0 0 0 0 3 0 6 0 14 0 0 0 0 0 0 0 0 0 4 0 0 0 0 0 0 0 0 0 0 0 11 0 0 0 0 0 0 0 17 3 5 0 0 0 0 0 0 0 0 1 0 0 0 0 0 0
0 0 0 0 0 0 0 0 0 0 0 0 25 0 0 17 0 0 0 0 9 0 0 0 0 0 0 12 0 0 27 0 0 2 30 0 0 0 0 0 0 0 0 1 0 0 0 0 0 0 0 0 0 1 0 0 38 0 26 0 0 0 0 0 0 0 0 0 0 0 0 15 0 0 0 0 5 0 10 0 26 0 0 0 0 0 0 0 0 0 7 0 0 0 0 0 0 0 0 0 0 0 19 0 0 0 0 0 0 0 31 6 9 0 0 0 0 0 0 0 0 3 0 0 0 0 0 0
0 0 0 0 0 0 0 0 0 0 0 0 24 0 0 17 0 0 0 0 9 0 0 0 0 0 0 12 0 0 26 0 0 2 29 0 0 0 0 0 0 0 0 1 0 0 0 0 0 0 0 0 0 1 0 0 37 0 25 0 0 0 0 0 0 0 0 0 0 0 0 14 0 0 0 0 4 0 10 0 25 0 0 0 0 0 0 0 0 0 7 0 0 0 0 0 0 0 0 0 0 0 19 0 0 0 0 0 0 0 30 6 9 0 0 0 0 0 0 0 0 3 0 0 0 0 0 0
0 0 0 0 0 0 0 4 0 0 0 0 0 0 0 0 0 0 0 0 10 0 0 0 17 0 0 0 0 0 0 11 0 0 0 8 0 0 0 24 0 0 0 0 0 0 0 0 5 11 0 0 0 0 0 7 0 0 0 0 0 16 0 0 0 0 0 0 0 0 0 0 0 0 0 11 0 0 14 0 0 0 0 0 0 0 0 0 0 0 0 0 21 0 7 0 24 0 0 0 0 0 0 0 0 0 12 0 0 0 0 0 0 1 0 0 0 0 0 0 0 0 0 0 0 0 0 0
0 0 0 0 0 0 0 2 0 0 0 0 0 0 0 0 0 0 0 0 6 0 0 0 9 0 0 0 0 0 0 6 0 0 0 4 0 0 0 14 0 0 0 0 0 0 0 0 3 6 0 0 0 0 0 4 0 0 0 0 0 9 0 0 0 0 0 0 0 0 0 0 0 0 0 6 0 0 8 0 0 0 0 0 0 0 0 0 0 0 0 0 12 0 4 0 13 0 0 0 0 0 0 0 0 0 7 0 0 0 0 0 0 1 0 0 0 0 0 0 0 0 0 0 0 0 0 0
0 0 0 0 0 0 0 5 0 0 0 0 0 0 0 0 0 0 0 0 10 0 0 0 17 0 0 0 0 0 0 11 0 0 0 8 0 0 0 24 0 0 0 0 0 0 0 0 5 11 0 0 0 0 0 7 0 0 0 0 0 16 0 0 0 0 0 0 0 0 0 0 0 0 0 11 0 0 14 0 0 0 0 0 0 0 0 0 0 0 0 0 21 0 7 0 24 0 0 0 0 0 0 0 0 0 12 0 0 0 0 0 0 1 0 0 0 0 0 0 0 0 0 0 0 0 0 0
0 0 0 0 0 0 0 0 0 0 0 0 1 0 0 1 0 0 0 0 0 0 0 0 0 0 0 0 0 0 1 0 0 0 1 0 0 0 0 0 0 0 0 0 0 0 0 0 0 0 0 0 0 0 0 0 1 0 1 0 0 0 0 0 0 0 0 0 0 0 0 1 0 0 0 0 0 0 0 0 1 0 0 0 0 0 0 0 0 0 0 0 0 0 0 0 0 0 0 0 0 0 1 0 0 0 0 0 0 0 1 0 0 0 0 0 0 0 0 0 0 0 0 0 0 0 0 0
0 0 0 0 0 0 0 0 0 0 0 0 20 0 0 14 0 0 0 0 7 0 0 0 0 0 0 10 0 0 22 0 0 1 24 0 0 0 0 0 0 0 0 1 0 0 0 0 0 0 0 0 0 1 0 0 31 0 21 0 0 0 0 0 0 0 0 0 0 0 0 12 0 0 0 0 4 0 8 0 21 0 0 0 0 0 0 0 0 0 6 0 0 0 0 0 0 0 0 0 0 0 16 0 0 0 0 0 0 0 25 5 7 0 0 0 0 0 0 0 0 2 0 0 0 0 0 0
0 0 0 0 0 0 0 0 0 0 0 0 15 0 0 11 0 0 0 0 6 0 0 0 0 0 0 8 0 0 17 0 0 1 18 0 0 0 0 0 0 0 0 1 0 0 0 0 0 0 0 0 0 1 0 0 23 0 16 0 0 0 0 0 0 0 0 0 0 0 0 9 0 0 0 0 3 0 6 0 16 0 0 0 0 0 0 0 0 0 4 0 0 0 0 0 0 0 0 0 0 0 12 0 0 0 0 0 0 0 19 3 6 0 0 0 0 0 0 0 0 2 0 0 0 0 0 0
0 0 0 0 0 0 0 4 0 0 0 0 0 0 0 0 0 0 0 0 10 0 0 0 17 0 0 0 0 0 0 11 0 0 0 8 0 0 0 24 0 0 0 0 0 0 0 0 5 11 0 0 0 0 0 7 0 0 0 0 0 16 0 0 0 0 0 0 0 0 0 0 0 0 0 11 0 0 14 0 0 0 0 0 0 0 0 0 0 0 0 0 21 0 7 0 24 0 0 0 0 0 0 0 0 0 12 0 0 0 0 0 0 1 0 0 0 0 0 0 0 0 0 0 0 0 0 0
0 0 0 0 0 0 0 0 0 0 0 0 19 0 0 13 0 0 0 0 7 0 0 0 0 0 0 10 0 0 21 0 0 1 23 0 0 0 0 0 0 0 0 1 0 0 0 0 0 0 0 0 0 1 0 0 30 0 20 0 0 0 0 0 0 0 0 0 0 0 0 11 0 0 0 0 4 0 8 0 20 0 0 0 0 0 0 0 0 0 6 0 0 0 0 0 0 0 0 0 0 0 15 0 0 0 0 0 0 0 24 4 7 0 0 0 0 0 0 0 0 2 0 0 0 0 0 0
0 0 0 0 0 0 0 4 0 0 0 0 0 0 0 0 0 0 0 0 8 0 0 0 14 0 0 0 0 0 0 9 0 0 0 6 0 0 0 20 0 0 0 0 0 0 0 0 4 9 0 0 0 0 0 6 0 0 0 0 0 13 0 0 0 0 0 0 0 0 0 0 0 0 0 9 0 0 11 0 0 0 0 0 0 0 0 0 0 0 0 0 18 0 6 0 20 0 0 0 0 0 0 0 0 0 10 0 0 0 0 0 0 1 0 0 0 0 0 0 0 0 0 0 0 0 0 0
0 0 0 0 0 0 0 0 0 0 0 0 14 0 0 10 0 0 0 0 5 0 0 0 0 0 0 7 0 0 15 0 0 1 17 0 0 0 0 0 0 0 0 1 0 0 0 0 0 0 0 0 0 1 0 0 22 0 15 0 0 0 0 0 0 0 0 0 0 0 0 8 0 0 0 0 3 0 6 0 15 0 0 0 0 0 0 0 0 0 4 0 0 0 0 0 0 0 0 0 0 0 11 0 0 0 0 0 0 0 17 3 5 0 0 0 0 0 0 0 0 2 0 0 0 0 0 0
0 0 0 0 0 0 0 4 0 0 0 0 0 0 0 0 0 0 0 0 9 0 0 0 15 0 0 0 0 0 0 10 0 0 0 7 0 0 0 22 0 0 0 0 0 0 0 0 5 10 0 0 0 0 0 7 0 0 0 0 0 14 0 0 0 0 0 0 0 0 0 0 0 0 0 10 0 0 12 0 0 0 0 0 0 0 0 0 0 0 0 0 19 0 6 0 22 0 0 0 0 0 0 0 0 0 11 0 0 0 0 0 0 1 0 0 0 0 0 0 0 0 0 0 0 0 0 0
0 0 0 0 0 0 0 0 0 0 0 0 21 0 0 15 0 0 0 0 8 0 0 0 0 0 0 11 0 0 23 0 0 1 26 0 0 0 0 0 0 0 0 1 0 0 0 0 0 0 0 0 0 1 0 0 33 0 22 0 0 0 0 0 0 0 0 0 0 0 0 13 0 0 0 0 4 0 9 0 23 0 0 0 0 0 0 0 0 0 6 0 0 0 0 0 0 0 0 0 0 0 17 0 0 0 0 0 0 0 26 5 8 0 0 0 0 0 0 0 0 3 0 0 0 0 0 0
0 0 0 0 0 0 0 0 0 0 0 0 0 0 0 0 0 0 0 0 0 0 0 0 0 0 0 0 0 0 0 0 0 0 0 0 0 0 0 0 0 0 0 0 0 0 0 0 0 0 0 0 0 0 0 0 0 0 0 0 0 0 0 0 0 0 0 0 0 0 0 0 0 0 0 0 0 0 0 0 0 0 0 0 0 0 0 0 0 0 0 0 0 0 0 0 0 0 0 0 0 0 0 0 0 0 0 0 0 0 0 0 0 0 0 0 0 0 0 0 0 0 0 0 0 0 0 0
0 0 0 0 0 0 0 0 0 0 0 0 15 0 0 11 0 0 0 0 6 0 0 0 0 0 0 8 0 0 17 0 0 1 19 0 0 0 0 0 0 0 0 1 0 0 0 0 0 0 0 0 0 1 0 0 24 0 16 0 0 0 0 0 0 0 0 0 0 0 0 9 0 0 0 0 3 0 6 0 16 0 0 0 0 0 0 0 0 0 4 0 0 0 0 0 0 0 0 0 0 0 12 0 0 0 0 0 0 0 19 4 6 0 0 0 0 0 0 0 0 2 0 0 0 0 0 0
0 0 0 0 0 0 0 2 0 0 0 0 0 0 0 0 0 0 0 0 5 0 0 0 8 0 0 0 0 0 0 5 0 0 0 4 0 0 0 11 0 0 0 0 0 0 0 0 2 5 0 0 0 0 0 3 0 0 0 0 0 7 0 0 0 0 0 0 0 0 0 0 0 0 0 5 0 0 6 0 0 0 0 0 0 0 0 0 0 0 0 0 10 0 3 0 11 0 0 0 0 0 0 0 0 0 5 0 0 0 0 0 0 1 0 0 0 0 0 0 0 0 0 0 0 0 0 0
0 0 0 0 0 0 0 0 0 0 0 0 25 0 0 18 0 0 0 0 9 0 0 0 0 0 0 12 0 0 27 0 0 2 30 0 0 0 0 0 0 0 0 1 0 0 0 0 0 0 0 0 0 1 0 0 39 0 26 0 0 0 0 0 0 0 0 0 0 0 0 15 0 0 0 0 5 0 10 0 26 0 0 0 0 0 0 0 0 0 7 0 0 0 0 0 0 0 0 0 0 0 20 0 0 0 0 0 0 0 31 6 9 0 0 0 0 0 0 0 0 3 0 0 0 0 0 0
0 0 0 0 0 0 0 0 0 0 0 0 14 0 0 10 0 0 0 0 5 0 0 0 0 0 0 7 0 0 15 0 0 1 17 0 0 0 0 0 0 0 0 1 0 0 0 0 0 0 0 0 0 1 0 0 22 0 15 0 0 0 0 0 0 0 0 0 0 0 0 8 0 0 0 0 3 0 6 0 15 0 0 0 0 0 0 0 0 0 4 0 0 0 0 0 0 0 0 0 0 0 11 0 0 0 0 0 0 0 17 3 5 0 0 0 0 0 0 0 0 2 0 0 0 0 0 0
0 0 0 0 0 0 0 0 0 0 0 0 27 0 0 19 0 0 0 0 10 0 0 0 0 0 0 14 0 0 30 0 0 2 33 0 0 0 0 0 0 0 0 1 0 0 0 0 0 0 0 0 0 1 0 0 42 0 28 0 0 0 0 0 0 0 0 0 0 0 0 16 0 0 0 0 5 0 11 0 29 0 0 0 0 0 0 0 0 0 8 0 0 0 0 0 0 0 0 0 0 0 21 0 0 0 0 0 0 0 34 6 10 0 0 0 0 0 0 0 0 3 0 0 0 0 0 0
0 0 0 0 0 0 0 0 0 0 0 0 15 0 0 11 0 0 0 0 6 0 0 0 0 0 0 8 0 0 16 0 0 1 18 0 0 0 0 0 0 0 0 1 0 0 0 0 0 0 0 0 0 1 0 0 23 0 16 0 0 0 0 0 0 0 0 0 0 0 0 9 0 0 0 0 3 0 6 0 16 0 0 0 0 0 0 0 0 0 4 0 0 0 0 0 0 0 0 0 0 0 12 0 0 0 0 0 0 0 19 4 5 0 0 0 0 0 0 0 0 2 0 0 0 0 0 0
0 0 0 0 0 0 0 0 0 0 0 0 21 0 0 15 0 0 0 0 8 0 0 0 0 0 0 11 0 0 23 0 0 1 26 0 0 0 0 0 0 0 0 1 0 0 0 0 0 0 0 0 0 1 0 0 33 0 22 0 0 0 0 0 0 0 0 0 0 0 0 13 0 0 0 0 4 0 9 0 22 0 0 0 0 0 0 0 0 0 6 0 0 0 0 0 0 0 0 0 0 0 17 0 0 0 0 0 0 0 26 5 8 0 0 0 0 0 0 0 0 2 0 0 0 0 0 0
0 0 0 0 0 0 0 4 0 0 0 0 0 0 0 0 0 0 0 0 10 0 0 0 17 0 0 0 0 0 0 11 0 0 0 8 0 0 0 24 0 0 0 0 0 0 0 0 5 11 0 0 0 0 0 7 0 0 0 0 0 16 0 0 0 0 0 0 0 0 0 0 0 0 0 11 0 0 14 0 0 0 0 0 0 0 0 0 0 0 0 0 21 0 7 0 24 0 0 0 0 0 0 0 0 0 12 0 0 0 0 0 0 1 0 0 0 0 0 0 0 0 0 0 0 0 0 0
0 0 0 0 0 0 0 0 0 0 0 0 14 0 0 10 0 0 0 0 5 0 0 0 0 0 0 7 0 0 15 0 0 1 17 0 0 0 0 0 0 0 0 1 0 0 0 0 0 0 0 0 0 1 0 0 21 0 14 0 0 0 0 0 0 0 0 0 0 0 0 8 0 0 0 0 3 0 6 0 15 0 0 0 0 0 0 0 0 0 4 0 0 0 0 0 0 0 0 0 0 0 11 0 0 0 0 0 0 0 17 3 5 0 0 0 0 0 0 0 0 2 0 0 0 0 0 0
0 0 0 0 0 0 0 4 0 0 0 0 0 0 0 0 0 0 0 0 9 0 0 0 15 0 0 0 0 0 0 10 0 0 0 7 0 0 0 21 0 0 0 0 0 0 0 0 5 10 0 0 0 0 0 7 0 0 0 0 0 14 0 0 0 0 0 0 0 0 0 0 0 0 0 10 0 0 12 0 0 0 0 0 0 0 0 0 0 0 0 0 19 0 6 0 21 0 0 0 0 0 0 0 0 0 11 0 0 0 0 0 0 1 0 0 0 0 0 0 0 0 0 0 0 0 0 0
0 0 0 0 0 0 0 0 0 0 0 0 11 0 0 8 0 0 0 0 4 0 0 0 0 0 0 6 0 0 12 0 0 1 14 0 0 0 0 0 0 0 0 1 0 0 0 0 0 0 0 0 0 1 0 0 17 0 12 0 0 0 0 0 0 0 0 0 0 0 0 7 0 0 0 0 2 0 5 0 12 0 0 0 0 0 0 0 0 0 3 0 0 0 0 0 0 0 0 0 0 0 9 0 0 0 0 0 0 0 14 3 4 0 0 0 0 0 0 0 0 1 0 0 0 0 0 0
0 0 0 0 0 0 0 3 0 0 0 0 0 0 0 0 0 0 0 0 6 0 0 0 11 0 0 0 0 0 0 7 0 0 0 5 0 0 0 15 0 0 0 0 0 0 0 0 3 7 0 0 0 0 0 5 0 0 0 0 0 10 0 0 0 0 0 0 0 0 0 0 0 0 0 7 0 0 9 0 0 0 0 0 0 0 0 0 0 0 0 0 13 0 4 0 15 0 0 0 0 0 0 0 0 0 8 0 0 0 0 0 0 1 0 0 0 0 0 0 0 0 0 0 0 0 0 0
0 0 0 0 0 0 0 4 0 0 0 0 0 0 0 0 0 0 0 0 9 0 0 0 15 0 0 0 0 0 0 10 0 0 0 7 0 0 0 22 0 0 0 0 0 0 0 0 5 10 0 0 0 0 0 7 0 0 0 0 0 14 0 0 0 0 0 0 0 0 0 0 0 0 0 10 0 0 12 0 0 0 0 0 0 0 0 0 0 0 0 0 19 0 6 0 21 0 0 0 0 0 0 0 0 0 11 0 0 0 0 0 0 1 0 0 0 0 0 0 0 0 0 0 0 0 0 0
0 0 0 0 0 0 0 4 0 0 0 0 0 0 0 0 0 0 0 0 9 0 0 0 16 0 0 0 0 0 0 10 0 0 0 7 0 0 0 22 0 0 0 0 0 0 0 0 5 10 0 0 0 0 0 7 0 0 0 0 0 15 0 0 0 0 0 0 0 0 0 0 0 0 0 10 0 0 13 0 0 0 0 0 0 0 0 0 0 0 0 0 20 0 6 0 22 0 0 0 0 0 0 0 0 0 11 0 0 0 0 0 0 1 0 0 0 0 0 0 0 0 0 0 0 0 0 0
0 0 0 0 0 0 0 2 0 0 0 0 0 0 0 0 0 0 0 0 5 0 0 0 8 0 0 0 0 0 0 5 0 0 0 4 0 0 0 12 0 0 0 0 0 0 0 0 3 5 0 0 0 0 0 4 0 0 0 0 0 8 0 0 0 0 0 0 0 0 0 0 0 0 0 5 0 0 7 0 0 0 0 0 0 0 0 0 0 0 0 0 11 0 3 0 12 0 0 0 0 0 0 0 0 0 6 0 0 0 0 0 0 0 0 0 0 0 0 0 0 0 0 0 0 0 0 0
