calibration_start = 10

net 0, layer 1
53,71,20,7,28,34,5,65,72,35,84,60,78,10,32,37,82,89,14,67,61,29,8,76,3,74,52,81,9,40,63,38,49,1,15,80,59,0,75,31,87,11,21,68,69,70,64,4,88,73,44,16,55,30,77,12,18,27,66,83,36,86,22,6,43,13,58,62,51,33,23,19,25,85,42,54,26,50,57,2,45,79,17,41,46,24,56,47,39,48,53,71,20,7,28,34,5,65,72,35,
net 0, layer 2
53,71,20,7,28,34,5,65,72,35,84,60,78,10,32,37,82,89,14,67,61,29,8,76,3,74,52,81,9,40,63,38,49,1,15,80,59,0,75,31,87,11,21,68,69,70,64,4,88,73,44,16,55,30,77,12,18,27,66,83,36,86,22,6,43,13,58,62,51,33,23,19,25,85,42,54,26,50,57,2,45,79,17,41,46,24,56,47,39,48,53,71,20,7,28,34,5,65,72,35,
net 0, layer 3
53,71,20,7,28,34,5,65,72,35,84,60,78,10,32,37,82,89,14,67,61,29,8,76,3,74,52,81,9,40,63,38,49,1,15,80,59,0,75,31,87,11,21,68,69,70,64,4,88,73,44,16,55,30,77,12,18,27,66,83,36,86,22,6,43,13,58,62,51,33,23,19,25,85,42,54,26,50,57,2,45,79,17,41,46,24,56,47,39,48,53,71,20,7,28,34,5,65,72,35,
net 0, layer 4
53,71,20,7,28,34,5,65,72,35,84,60,78,10,32,37,82,89,14,67,61,29,8,76,3,74,52,81,9,40,63,38,49,1,15,80,59,0,75,31,87,11,21,68,69,70,64,4,88,73,44,16,55,30,77,12,18,27,66,83,36,86,22,6,43,13,58,62,51,33,23,19,25,85,42,54,26,50,57,2,45,79,17,41,46,24,56,47,39,48,53,71,20,7,28,34,5,65,72,35,
net 0, layer 5
53,71,20,7,28,34,5,65,72,35,84,60,78,10,32,37,82,89,14,67,61,29,8,76,3,74,52,81,9,40,63,38,49,1,15,80,59,0,75,31,87,11,21,68,69,70,64,4,88,73,44,16,55,30,77,12,18,27,66,83,36,86,22,6,43,13,58,62,51,33,23,19,25,85,42,54,26,50,57,2,45,79,17,41,46,24,56,47,39,48,53,71,20,7,28,34,5,65,72,35,