0 0 0 0 0 0 0 0 0 7 0 0 0 0 5 0 0 0 0 0 0 0 0 0 2 0 0 0 0 0 0 0 2 0 0 0 0 0 0 0 0 0 4 0 5 0 0 0 0 3 0 0 0 0 0 0 0 0 0 0 0 0 0 9 0 0 0 0 0 0 6 4 0 3 0 0 0 3 0 0 0 0 1 1 0 0 2 0 6 3 0 0 0 0 0 0 0 0 0 0 6 0 1 0 0 0 2 0 0 0 0 1 0 0 1 0 0 5 0 0 0 0 0 0 3 0 0 0 4 0 7 3 0 0 0 0 0 0 0 0 0 0 0 0 4 0 0 0 0 0 4 0 0 0 0 0 0 5 0 0 0 0 0 0 0 0 4 0 0 0 3 0 0 0 0 0 0 0 4 0 0 0 0 0 0 0 0 0 6 0 0 0 6 0 0 0 0 5 2 0 0 0 0 0 0 0 0 0 0 0 0 0 0 0 0 0 0 0 0 0 0 0 0 0 0 0 0 0 4 0 0 0 0 0 0 4 5 0 4 0 0 0 0 0 6 0 0 0 0 0 1 0 6 0 5 0
0 0 0 0 0 0 0 0 0 20 0 0 0 0 17 0 0 0 0 0 0 0 0 0 4 0 0 0 0 0 0 0 9 0 0 0 0 0 0 0 0 0 13 0 14 0 0 0 0 11 0 0 0 0 0 0 0 0 0 0 0 0 0 26 0 0 0 0 0 0 18 12 0 9 0 0 0 11 0 0 0 0 2 2 0 0 8 0 18 8 0 0 0 0 0 0 0 0 0 0 19 0 3 0 0 0 8 0 0 0 0 3 0 0 2 0 0 15 0 0 0 0 0 0 11 0 0 0 11 0 20 8 0 0 0 0 0 0 0 0 0 0 0 0 11 0 0 0 0 0 11 0 0 0 0 0 0 14 1 0 1 0 0 0 0 0 12 0 0 0 11 0 0 0 0 0 0 0 12 0 0 0 0 0 0 0 0 0 18 0 0 0 18 0 0 0 0 16 6 0 0 0 0 0 0 0 0 0 0 0 0 0 0 0 0 0 0 0 0 0 0 0 0 0 0 0 0 0 12 0 0 0 0 0 0 11 13 0 14 0 0 0 0 0 18 0 0 0 0 0 4 1 18 0 16 0
0 0 0 0 0 0 1 0 3 0 0 0 0 0 0 0 0 0 0 0 0 0 0 0 0 0 0 0 0 0 0 0 0 0 0 0 0 0 0 9 0 0 0 8 0 0 0 8 11 0 0 0 0 0 0 0 0 3 0 0 0 0 0 0 0 1 0 0 0 0 0 0 0 0 11 0 0 0 0 14 0 0 0 0 0 0 0 0 0 0 0 0 0 0 10 0 0 0 0 0 0 0 0 7 0 0 0 8 0 0 8 0 0 11 0 0 0 0 0 0 0 0 0 0 0 2 7 1 0 0 0 0 0 0 0 0 0 0 2 0 0 0 0 2 0 0 0 0 0 0 0 0 2 0 0 0 0 0 0 0 0 0 0 3 0 0 0 0 0 11 0 12 0 0 0 0 6 0 0 0 0 0 0 0 0 9 0 0 0 0 0 0 0 0 0 0 13 0 0 1 0 0 0 0 0 0 0 0 12 0 7 0 0 11 0 0 0 7 5 5 0 0 0 4 8 0 0 0 0 0 0 0 0 8 0 0 0 9 0 0 0 8 0 8 0 0 0 0 0 0 0 0 0 0 0 5
0 0 0 0 0 0 1 0 3 0 0 0 0 0 0 0 0 0 0 0 0 0 0 0 0 0 0 0 0 0 0 0 0 0 0 0 0 0 0 9 0 0 0 7 0 0 0 8 10 0 0 0 0 0 0 0 0 3 0 0 0 0 0 0 0 1 0 0 0 0 0 0 0 0 10 0 0 0 0 13 0 0 0 0 0 0 0 0 0 0 0 0 0 0 9 0 0 0 0 0 0 0 0 7 0 0 0 8 0 0 7 0 0 11 0 0 0 0 0 0 0 0 0 0 0 2 7 1 0 0 0 0 0 0 0 0 0 0 2 0 0 0 0 2 0 0 0 0 0 0 0 0 2 0 0 0 0 0 0 0 0 0 0 3 0 0 0 0 0 10 0 12 0 0 0 0 6 0 0 0 0 0 0 0 0 8 0 0 0 0 0 0 0 0 0 0 12 0 0 1 0 0 0 0 0 0 0 0 12 0 6 0 0 10 0 0 0 7 5 5 0 0 0 4 8 0 0 0 0 0 0 0 0 7 0 0 0 8 0 0 0 7 0 8 0 0 0 0 0 0 0 0 0 0 0 5
0 0 0 0 0 0 0 0 0 23 0 0 0 0 19 0 0 0 0 0 0 0 0 0 5 0 0 0 0 0 0 0 10 0 0 0 0 0 0 0 0 0 15 0 16 0 0 0 0 12 0 0 0 0 0 0 0 0 0 0 0 0 0 29 0 0 0 0 0 0 21 13 0 10 0 0 0 12 0 0 0 0 2 3 0 0 9 0 20 10 0 0 0 0 0 0 0 0 0 0 21 0 4 0 0 0 9 0 0 0 0 3 0 0 2 0 0 17 0 0 0 0 0 0 13 0 0 0 12 0 22 9 0 0 0 0 0 0 0 0 0 0 0 0 12 0 0 0 0 0 13 0 0 0 0 0 0 16 2 0 1 0 0 0 0 0 13 0 0 0 13 0 0 0 0 0 0 0 13 0 0 0 0 0 0 0 0 0 20 0 0 0 20 0 0 0 0 18 6 0 0 0 0 0 0 0 0 0 0 0 0 0 0 0 0 0 0 0 0 0 0 0 0 0 0 0 0 0 13 0 0 0 0 0 0 13 15 0 16 0 0 0 0 0 20 0 0 0 0 0 5 1 21 0 18 0
0 0 0 0 0 0 1 0 3 0 0 0 0 0 0 0 0 0 0 0 0 0 0 0 0 0 0 0 0 0 0 0 0 0 0 0 0 0 0 9 0 0 0 8 0 0 0 8 11 0 0 0 0 0 0 0 0 3 0 0 0 0 0 0 0 1 0 0 0 0 0 0 0 0 11 0 0 0 0 14 0 0 0 0 0 0 0 0 0 0 0 0 0 0 10 0 0 0 0 0 0 0 0 7 0 0 0 8 0 0 8 0 0 11 0 0 0 0 0 0 0 0 0 0 0 2 7 1 0 0 0 0 0 0 0 0 0 0 2 0 0 0 0 2 0 0 0 0 0 0 0 0 2 0 0 0 0 0 0 0 0 0 0 3 0 0 0 0 0 11 0 13 0 0 0 0 6 0 0 0 0 0 0 0 0 9 0 0 0 0 0 0 0 0 0 0 13 0 0 1 0 0 0 0 0 0 0 0 12 0 7 0 0 11 0 0 0 7 5 5 0 0 0 4 8 0 0 0 0 0 0 0 0 8 0 0 0 9 0 0 0 8 0 8 0 0 0 0 0 0 0 0 0 0 0 5
0 0 0 0 0 0 0 0 0 2 0 0 0 0 0 0 0 0 0 0 0 0 0 0 0 0 0 0 0 0 0 0 0 0 0 0 0 0 0 0 0 0 0 0 0 0 0 1 0 0 0 0 0 0 0 0 0 0 0 0 0 0 0 3 0 0 0 0 0 0 2 1 0 0 0 0 0 1 0 2 0 0 0 0 0 0 0 0 2 0 0 0 0 0 0 0 0 0 0 0 1 0 0 0 0 0 0 0 0 0 0 0 0 0 0 0 0 2 0 0 0 0 0 0 0 0 0 0 0 0 2 0 0 0 0 0 0 0 0 0 0 0 0 0 0 0 0 0 0 0 0 0 0 0 0 0 0 0 0 0 0 0 0 0 0 0 0 0 0 1 0 0 0 0 0 0 0 0 0 0 0 0 0 0 0 1 0 0 1 0 0 0 1 0 0 0 1 1 0 0 0 0 0 0 0 0 0 0 0 0 0 0 0 0 0 0 0 0 0 0 0 0 0 0 1 0 0 0 0 0 0 0 0 1 0 0 0 1 0 0 0 0 0 0 0 0 0 0 0 0 0 0 1 0 0 0
0 0 0 0 0 0 1 0 3 0 0 0 0 0 0 0 0 0 0 0 0 0 0 0 0 0 0 0 0 0 0 0 0 0 0 0 0 0 0 8 0 0 0 7 0 0 0 7 10 0 0 0 0 0 0 0 0 2 0 0 0 0 0 0 0 1 0 0 0 0 0 0 0 0 10 0 0 0 0 13 0 0 0 0 0 0 0 0 0 0 0 0 0 0 9 0 0 0 0 0 0 0 0 6 0 0 0 8 0 0 7 0 0 10 0 0 0 0 0 0 0 0 0 0 0 2 6 1 0 0 0 0 0 0 0 0 0 0 2 0 0 0 0 2 0 0 0 0 0 0 0 0 2 0 0 0 0 0 0 0 0 0 0 3 0 0 0 0 0 10 0 11 0 0 0 0 5 0 0 0 0 0 0 0 0 8 0 0 0 0 0 0 0 0 0 0 12 0 0 1 0 0 0 0 0 0 0 0 11 0 6 0 0 10 0 0 0 6 5 5 0 0 0 4 8 0 0 0 0 0 0 0 0 7 0 0 0 8 0 0 0 7 0 7 0 0 0 0 0 0 0 0 0 0 0 5
0 0 0 0 0 0 0 0 0 0 0 0 0 0 0 0 0 0 0 0 0 0 0 0 0 0 0 0 0 0 0 0 0 0 0 0 0 0 0 0 0 0 0 0 0 0 0 0 0 0 0 0 0 0 0 0 0 0 0 0 0 0 0 0 0 0 0 0 0 0 0 0 0 0 0 0 0 0 0 0 0 0 0 0 0 0 0 0 0 0 0 0 0 0 0 0 0 0 0 0 0 0 0 0 0 0 0 0 0 0 0 0 0 0 0 0 0 0 0 0 0 0 0 0 0 0 0 0 0 0 0 0 0 0 0 0 0 0 0 0 0 0 0 0 0 0 0 0 0 0 0 0 0 0 0 0 0 0 0 0 0 0 0 0 0 0 0 0 0 0 0 0 0 0 0 0 0 0 0 0 0 0 0 0 0 0 0 0 0 0 0 0 0 0 0 0 0 0 0 0 0 0 0 0 0 0 0 0 0 0 0 0 0 0 0 0 0 0 0 0 0 0 0 0 0 0 0 0 0 0 0 0 0 0 0 0 0 0 0 0 0 0 0 0 0 0 0 0 0 0 0 0 0 0 0 0
0 0 0 0 0 0 1 0 3 0 0 0 0 0 0 0 0 0 0 0 0 0 0 0 0 0 0 0 0 0 0 0 0 0 0 0 0 0 0 8 0 0 0 7 0 0 0 7 10 0 0 0 0 0 0 0 0 2 0 0 0 0 0 0 0 1 0 0 0 0 0 0 0 0 10 0 0 0 0 12 0 0 0 0 0 0 0 0 0 0 0 0 0 0 9 0 0 0 0 0 0 0 0 6 0 0 0 7 0 0 7 0 0 10 0 0 0 0 0 0 0 0 0 0 0 2 6 1 0 0 0 0 0 0 0 0 0 0 2 0 0 0 0 2 0 0 0 0 0 0 0 0 2 0 0 0 0 0 0 0 0 0 0 3 0 0 0 0 0 10 0 11 0 0 0 0 5 0 0 0 0 0 0 0 0 8 0 0 0 0 0 0 0 0 0 0 12 0 0 1 0 0 0 0 0 0 0 0 11 0 6 0 0 10 0 0 0 6 5 5 0 0 0 4 7 0 0 0 0 0 0 0 0 7 0 0 0 8 0 0 0 7 0 7 0 0 0 0 0 0 0 0 0 0 0 5
0 0 0 0 0 0 1 0 1 0 0 0 0 0 0 0 0 0 0 0 0 0 0 0 0 0 0 0 0 0 0 0 0 0 0 0 0 0 0 5 0 0 0 4 0 0 0 5 6 0 0 0 0 0 0 0 0 1 0 0 0 0 0 0 0 1 0 0 0 0 0 0 0 0 6 0 0 0 0 8 0 0 0 0 0 0 0 0 0 0 0 0 0 0 5 0 0 0 0 0 0 0 0 4 0 0 0 5 0 0 4 0 0 6 0 0 0 0 0 0 0 0 0 0 0 1 4 0 0 0 0 0 0 0 0 0 0 0 1 0 0 0 0 1 0 0 0 0 0 0 0 0 1 0 0 0 0 0 0 0 0 0 0 2 0 0 0 0 0 6 0 7 0 0 0 0 3 0 0 0 0 0 0 0 0 5 0 0 0 0 0 0 0 0 0 0 7 0 0 0 0 0 0 0 0 0 0 0 7 0 4 0 0 6 0 0 0 4 3 3 0 0 0 2 5 0 0 0 0 0 0 0 0 4 0 0 0 5 0 0 0 4 0 4 0 0 0 0 0 0 0 0 0 0 0 3
0 0 0 0 0 0 0 0 0 23 0 0 0 0 19 0 0 0 0 0 0 0 0 0 5 0 0 0 0 0 0 0 10 0 0 0 0 0 0 0 0 0 15 0 16 0 0 0 0 12 0 0 0 0 0 0 0 0 0 0 0 0 0 29 0 0 0 0 0 0 21 13 0 11 0 0 0 12 0 0 0 0 3 3 0 0 9 0 21 10 0 0 0 0 0 0 0 0 0 0 21 0 4 0 0 0 9 0 0 0 0 3 0 0 2 0 0 17 0 0 0 0 0 0 13 0 0 0 12 0 22 10 0 0 0 0 0 0 0 0 0 0 0 0 13 0 0 0 0 0 13 0 0 0 0 0 0 17 1 0 1 0 0 0 0 0 13 0 0 0 13 0 0 0 0 0 0 0 14 0 0 0 0 0 0 0 0 0 21 0 0 0 21 0 0 0 0 18 6 0 0 0 0 0 0 0 0 0 0 0 0 0 0 0 0 0 0 0 0 0 0 0 0 0 0 0 0 0 14 0 0 0 0 0 0 13 15 0 16 0 0 0 0 0 21 0 0 0 0 0 5 1 21 0 19 0
0 0 0 0 0 0 1 0 2 0 0 0 0 0 0 0 0 0 0 0 0 0 0 0 0 0 0 0 0 0 0 0 0 0 0 0 0 0 0 8 0 0 0 6 0 0 0 7 9 0 0 0 0 0 0 0 0 2 0 0 0 0 0 0 0 1 0 0 0 0 0 0 0 0 9 0 0 0 0 12 0 0 0 0 0 0 0 0 0 0 0 0 0 0 8 0 0 0 0 0 0 0 0 6 0 0 0 7 0 0 7 0 0 9 0 0 0 0 0 0 0 0 0 0 0 2 6 1 0 0 0 0 0 0 0 0 0 0 2 0 0 0 0 2 0 0 0 0 0 0 0 0 2 0 0 0 0 0 0 0 0 0 0 3 0 0 0 0 0 9 0 11 0 0 0 0 5 0 0 0 0 0 0 0 0 7 0 0 0 0 0 0 0 0 0 0 11 0 0 1 0 0 0 0 0 0 0 0 10 0 6 0 0 9 0 0 0 6 4 4 0 0 0 4 7 0 0 0 0 0 0 0 0 7 0 0 0 8 0 0 0 6 0 7 0 0 0 0 0 0 0 0 0 0 0 4
0 0 0 0 0 0 1 0 2 0 0 0 0 0 0 0 0 0 0 0 0 0 0 0 0 0 0 0 0 0 0 0 0 0 0 0 0 0 0 7 0 0 0 6 0 0 0 6 8 0 0 0 0 0 0 0 0 2 0 0 0 0 0 0 0 1 0 0 0 0 0 0 0 0 8 0 0 0 0 11 0 0 0 0 0 0 0 0 0 0 0 0 0 0 7 0 0 0 0 0 0 0 0 5 0 0 0 6 0 0 6 0 0 8 0 0 0 0 0 0 0 0 0 0 0 2 5 1 0 0 0 0 0 0 0 0 0 0 2 0 0 0 0 2 0 0 0 0 0 0 0 0 2 0 0 0 0 0 0 0 0 0 0 3 0 0 0 0 0 8 0 9 0 0 0 0 4 0 0 0 0 0 0 0 0 7 0 0 0 0 0 0 0 0 0 0 10 0 0 1 0 0 0 0 0 0 0 0 9 0 5 0 0 8 0 0 0 5 4 4 0 0 0 3 6 0 0 0 0 0 0 0 0 6 0 0 0 7 0 0 0 6 0 6 0 0 0 0 0 0 0 0 0 0 0 4
0 0 0 0 0 0 1 0 3 0 0 0 0 0 0 0 0 0 0 0 0 0 0 0 0 0 0 0 0 0 0 0 0 0 0 0 0 0 0 8 0 0 0 7 0 0 0 7 10 0 0 0 0 0 0 0 0 2 0 0 0 0 0 0 0 1 0 0 0 0 0 0 0 0 10 0 0 0 0 13 0 0 0 0 0 0 0 0 0 0 0 0 0 0 9 0 0 0 0 0 0 0 0 6 0 0 0 8 0 0 7 0 0 10 0 0 0 0 0 0 0 0 0 0 0 2 6 1 0 0 0 0 0 0 0 0 0 0 2 0 0 0 0 2 0 0 0 0 0 0 0 0 2 0 0 0 0 0 0 0 0 0 0 3 0 0 0 0 0 10 0 11 0 0 0 0 5 0 0 0 0 0 0 0 0 8 0 0 0 0 0 0 0 0 0 0 12 0 0 1 0 0 0 0 0 0 0 0 11 0 6 0 0 10 0 0 0 6 5 5 0 0 0 4 8 0 0 0 0 0 0 0 0 7 0 0 0 8 0 0 0 7 0 7 0 0 0 0 0 0 0 0 0 0 0 5
0 0 0 0 0 0 0 0 0 0 0 0 0 0 0 0 0 0 0 0 0 0 0 0 0 0 0 0 0 0 0 0 0 0 0 0 0 0 0 0 0 0 0 0 0 0 0 0 0 0 0 0 0 0 0 0 0 0 0 0 0 0 0 0 0 0 0 0 0 0 0 0 0 0 0 0 0 0 0 0 0 0 0 0 0 0 0 0 0 0 0 0 0 0 0 0 0 0 0 0 0 0 0 0 0 0 0 0 0 0 0 0 0 0 0 0 0 0 0 0 0 0 0 0 0 0 0 0 0 0 0 0 0 0 0 0 0 0 0 0 0 0 0 0 0 0 0 0 0 0 0 0 0 0 0 0 0 0 0 0 0 0 0 0 0 0 0 0 0 0 0 0 0 0 0 0 0 0 0 0 0 0 0 0 0 0 0 0 0 0 0 0 0 0 0 0 0 0 0 0 0 0 0 0 0 0 0 0 0 0 0 0 0 0 0 0 0 0 0 0 0 0 0 0 0 0 0 0 0 0 0 0 0 0 0 0 0 0 0 0 0 0 0 0 0 0 0 0 0 0 0 0 0 0 0 0
0 0 0 0 0 0 0 0 0 17 0 0 0 0 14 0 0 0 0 0 0 0 0 0 4 0 0 0 0 0 0 0 7 0 0 0 0 0 0 0 0 0 11 0 12 0 0 0 0 9 0 0 0 0 0 0 0 0 0 0 0 0 0 21 0 0 0 0 0 0 15 10 0 8 0 0 0 9 0 0 0 0 2 2 0 0 7 0 15 7 0 0 0 0 0 0 0 0 0 0 16 0 3 0 0 0 7 0 0 0 0 2 0 0 1 0 0 12 0 0 0 0 0 0 9 0 0 0 9 0 16 7 0 0 0 0 0 0 0 0 0 0 0 0 9 0 0 0 0 0 10 0 0 0 0 0 0 12 1 0 1 0 0 0 0 0 10 0 0 0 9 0 0 0 0 0 0 0 10 0 0 0 0 0 0 0 0 0 15 0 0 0 15 0 0 0 0 13 5 0 0 0 0 0 0 0 0 0 0 0 0 0 0 0 0 0 0 0 0 0 0 0 0 0 0 0 0 0 10 0 0 0 0 0 0 9 11 0 12 0 0 0 0 0 15 0 0 0 0 0 4 1 15 0 13 0
0 0 0 0 0 0 1 0 2 0 0 0 0 0 0 0 0 0 0 0 0 0 0 0 0 0 0 0 0 0 0 0 0 0 0 0 0 0 0 8 0 0 0 6 0 0 0 7 9 0 0 0 0 0 0 0 0 2 0 0 0 0 0 0 0 1 0 0 0 0 0 0 0 0 9 0 0 0 0 12 0 0 0 0 0 0 0 0 0 0 0 0 0 0 8 0 0 0 0 0 0 0 0 6 0 0 0 7 0 0 7 0 0 9 0 0 0 0 0 0 0 0 0 0 0 2 6 1 0 0 0 0 0 0 0 0 0 0 2 0 0 0 0 2 0 0 0 0 0 0 0 0 2 0 0 0 0 0 0 0 0 0 0 3 0 0 0 0 0 9 0 10 0 0 0 0 5 0 0 0 0 0 0 0 0 7 0 0 0 0 0 0 0 0 0 0 11 0 0 1 0 0 0 0 0 0 0 0 11 0 6 0 0 9 0 0 0 6 4 4 0 0 0 4 7 0 0 0 0 0 0 1 0 7 0 0 0 7 0 0 0 7 0 7 0 0 0 0 0 0 0 0 0 0 0 4
0 0 0 0 0 0 0 0 0 26 0 0 0 0 21 0 0 0 0 0 0 0 0 0 5 0 0 0 0 0 0 0 11 0 0 0 0 0 0 0 0 0 17 0 18 0 0 0 0 14 0 0 0 0 0 0 0 0 0 0 0 0 0 32 0 0 0 0 0 0 23 15 0 12 0 0 0 14 0 0 0 0 3 3 0 0 10 0 23 11 0 0 0 0 0 0 0 0 0 0 24 0 4 0 0 0 10 0 0 0 0 4 0 0 2 0 0 19 0 0 0 0 0 0 14 0 0 0 14 0 25 11 0 0 0 0 0 0 0 0 0 0 0 0 14 0 0 0 0 0 15 0 0 0 0 0 0 18 2 0 1 0 0 0 0 0 15 0 0 0 14 0 0 0 0 0 0 0 15 0 0 0 0 0 0 0 0 0 23 0 0 0 23 0 0 0 0 20 7 0 0 0 0 0 0 0 0 0 0 0 0 0 0 0 0 0 0 0 0 0 0 0 0 0 0 0 0 0 15 0 0 0 0 0 0 14 17 0 17 0 0 0 0 0 23 0 0 0 0 0 5 1 23 0 21 0
0 0 0 0 0 0 1 0 2 0 0 0 0 0 0 0 0 0 0 0 0 0 0 0 0 0 0 0 0 0 0 0 0 0 0 0 0 0 0 8 0 0 0 6 0 0 0 7 9 0 0 0 0 0 0 0 0 2 0 0 0 0 0 0 0 1 0 0 0 0 0 0 0 0 9 0 0 0 0 12 0 0 0 0 0 0 0 0 0 0 0 0 0 0 9 0 0 0 0 0 0 0 0 6 0 0 0 7 0 0 7 0 0 9 0 0 0 0 0 0 0 0 0 0 0 2 6 1 0 0 0 0 0 0 0 0 0 0 2 0 0 0 0 2 0 0 0 0 0 0 0 0 2 0 0 0 0 0 0 0 0 0 0 3 0 0 0 0 0 9 0 11 0 0 0 0 5 0 0 0 0 0 0 0 0 8 0 0 0 0 0 0 0 0 0 0 11 0 0 1 0 0 0 0 0 0 0 0 11 0 6 0 0 9 0 0 0 6 4 4 0 0 0 4 7 0 0 0 0 0 0 0 0 7 0 0 0 8 0 0 0 7 0 7 0 0 0 0 0 0 0 0 0 0 0 4
0 0 0 0 0 0 1 0 2 0 0 0 0 0 0 0 0 0 0 0 0 0 0 0 0 0 0 0 0 0 0 0 0 0 0 0 0 0 0 6 0 0 0 5 0 0 0 6 7 0 0 0 0 0 0 0 0 2 0 0 0 0 0 0 0 1 0 0 0 0 0 0 0 0 7 0 0 0 0 9 0 0 0 0 0 0 0 0 0 0 0 0 0 0 7 0 0 0 0 0 0 0 0 5 0 0 0 6 0 0 5 0 0 7 0 0 0 0 0 0 0 0 0 0 0 1 5 1 0 0 0 0 0 0 0 0 0 0 1 0 0 0 0 2 0 0 0 0 0 0 0 0 2 0 0 0 0 0 0 0 0 0 0 2 0 0 0 0 0 7 0 8 0 0 0 0 4 0 0 0 0 0 0 0 0 6 0 0 0 0 0 0 0 0 0 0 9 0 0 1 0 0 0 0 0 0 0 0 8 0 5 0 0 7 0 0 0 4 4 3 0 0 0 3 6 0 0 0 0 0 0 0 0 6 0 0 0 6 0 0 0 5 0 5 0 0 0 0 0 0 0 0 0 0 0 3
0 0 0 0 0 0 1 0 3 0 0 0 0 0 0 0 0 0 0 0 0 0 0 0 0 0 0 0 0 0 0 0 0 0 0 0 0 0 0 9 0 0 0 8 0 0 0 8 11 0 0 0 0 0 0 0 0 3 0 0 0 0 0 0 0 1 0 0 0 0 0 0 0 0 11 0 0 0 0 14 0 0 0 0 0 0 0 0 0 0 0 0 0 0 10 0 0 0 0 0 0 0 0 7 0 0 0 8 0 0 8 0 0 11 0 0 0 0 0 0 0 0 0 0 0 2 7 1 0 0 0 0 0 0 0 0 0 0 2 0 0 0 0 2 0 0 0 0 0 0 0 0 2 0 0 0 0 0 0 0 0 0 0 3 0 0 0 0 0 11 0 13 0 0 0 0 6 0 0 0 0 0 0 0 0 9 0 0 0 0 0 0 0 0 0 0 13 0 0 1 0 0 0 0 0 0 0 0 12 0 7 0 0 11 0 0 0 7 5 5 0 0 0 4 8 0 0 0 0 0 0 0 0 8 0 0 0 9 0 0 0 8 0 8 0 0 0 0 0 0 0 0 0 0 0 5
0 0 0 0 0 0 1 0 3 0 0 0 0 0 0 0 0 0 0 0 0 0 0 0 0 0 0 0 0 0 0 0 0 0 0 0 0 0 0 9 0 0 0 7 0 0 0 8 11 0 0 0 0 0 0 0 0 3 0 0 0 0 0 0 0 1 0 0 0 0 0 0 0 0 11 0 0 0 0 14 0 0 0 0 0 0 0 0 0 0 0 0 0 0 10 0 0 0 0 0 0 0 0 7 0 0 0 8 0 0 8 0 0 11 0 0 0 0 0 0 0 0 0 0 0 2 7 1 0 0 0 0 0 0 0 0 0 0 2 0 0 0 0 2 0 0 0 0 0 0 0 0 2 0 0 0 0 0 0 0 0 0 0 3 0 0 0 0 0 11 0 12 0 0 0 0 6 0 0 0 0 0 0 0 0 9 0 0 0 0 0 0 0 0 0 0 12 0 0 1 0 0 0 0 0 0 0 0 12 0 7 0 0 10 0 0 0 7 5 5 0 0 0 4 8 0 0 0 0 0 0 0 0 8 0 0 0 9 0 0 0 7 0 8 0 0 0 0 0 0 0 0 0 0 0 5
0 0 0 0 0 0 1 0 3 0 0 0 0 0 0 0 0 0 0 0 0 0 0 0 0 0 0 0 0 0 0 0 0 0 0 0 0 0 0 8 0 0 0 7 0 0 0 7 10 0 0 0 0 0 0 0 0 2 0 0 0 0 0 0 0 1 0 0 0 0 0 0 0 0 10 0 0 0 0 12 0 0 0 0 0 0 0 0 0 0 0 0 0 0 9 0 0 0 0 0 0 0 0 6 0 0 0 7 0 0 7 0 0 10 0 0 0 0 0 0 0 0 0 0 0 2 6 1 0 0 0 0 0 0 0 0 0 0 2 0 0 0 0 2 0 0 0 0 0 0 0 0 2 0 0 0 0 0 0 0 0 0 0 3 0 0 0 0 0 10 0 11 0 0 0 0 5 0 0 0 0 0 0 0 0 8 0 0 0 0 0 0 0 0 0 0 12 0 0 1 0 0 0 0 0 0 0 0 11 0 6 0 0 10 0 0 0 6 5 5 0 0 0 4 7 0 0 0 0 0 0 0 0 7 0 0 0 8 0 0 0 7 0 7 0 0 0 0 0 0 0 0 0 0 0 5
0 0 0 0 0 0 0 0 0 0 0 0 0 0 0 0 0 0 0 0 0 0 0 0 0 0 0 0 0 0 0 0 0 0 0 0 0 0 0 0 0 0 0 0 0 0 0 0 0 0 0 0 0 0 0 0 0 0 0 0 0 0 0 0 0 0 0 0 0 0 0 0 0 0 0 0 0 0 0 0 0 0 0 0 0 0 0 0 0 0 0 0 0 0 0 0 0 0 0 0 0 0 0 0 0 0 0 0 0 0 0 0 0 0 0 0 0 0 0 0 0 0 0 0 0 0 0 0 0 0 0 0 0 0 0 0 0 0 0 0 0 0 0 0 0 0 0 0 0 0 0 0 0 0 0 0 0 0 0 0 0 0 0 0 0 0 0 0 0 0 0 0 0 0 0 0 0 0 0 0 0 0 0 0 0 0 0 0 0 0 0 0 0 0 0 0 0 0 0 0 0 0 0 0 0 0 0 0 0 0 0 0 0 0 0 0 0 0 0 0 0 0 0 0 0 0 0 0 0 0 0 0 0 0 0 0 0 0 0 0 0 0 0 0 0 0 0 0 0 0 0 0 0 0 0 0
0 0 0 0 0 0 1 0 3 0 0 0 0 0 0 0 0 0 0 0 0 0 0 0 0 0 0 0 0 0 0 0 0 0 0 0 0 0 0 9 0 0 0 8 0 0 0 8 11 0 0 0 0 0 0 0 0 3 0 0 0 0 0 0 0 1 0 0 0 0 0 0 0 0 11 0 0 0 0 14 0 0 0 0 0 0 0 0 0 0 0 0 0 0 10 0 0 0 0 0 0 0 0 7 0 0 0 8 0 0 8 0 0 11 0 0 0 0 0 0 0 0 0 0 0 2 7 1 0 0 0 0 0 0 0 0 0 0 2 0 0 0 0 2 0 0 0 0 0 0 0 0 2 0 0 0 0 0 0 0 0 0 0 3 0 0 0 0 0 11 0 13 0 0 0 0 6 0 0 0 0 0 0 0 0 9 0 0 0 0 0 0 0 0 0 0 13 0 0 1 0 0 0 0 0 0 0 0 12 0 7 0 0 11 0 0 0 7 5 5 0 0 0 4 8 0 0 0 0 0 0 0 0 8 0 0 0 9 0 0 0 8 0 8 0 0 0 0 0 0 0 0 0 0 0 5
0 0 0 0 0 0 0 0 0 34 0 0 0 0 28 0 0 0 0 0 0 0 0 0 7 0 0 0 0 0 0 0 14 0 0 0 0 0 0 0 0 0 22 0 24 0 0 0 0 17 0 0 0 0 0 0 0 0 0 0 0 0 0 43 0 0 0 0 0 0 31 19 0 15 0 0 0 18 0 0 0 0 4 4 0 0 14 0 30 14 0 0 0 0 0 0 0 0 0 0 31 0 6 0 0 0 13 0 0 0 0 4 0 0 3 0 0 25 0 0 0 0 0 0 19 0 0 0 18 0 33 14 0 0 0 0 0 0 0 0 0 0 0 0 18 0 0 0 0 0 19 0 0 0 0 0 0 24 2 0 2 0 0 0 0 0 19 0 0 0 19 0 0 0 0 0 0 0 20 0 0 0 0 0 0 0 0 0 30 0 0 0 30 0 0 0 0 27 9 0 0 0 0 0 0 0 0 0 0 0 0 0 0 0 0 0 0 0 0 0 0 0 0 0 0 0 0 0 20 0 0 0 0 0 0 19 22 0 23 0 0 0 0 0 30 0 0 0 0 0 7 2 31 0 27 0
0 0 0 0 0 0 0 0 0 16 0 0 0 0 13 0 0 0 0 0 0 0 0 0 3 0 0 0 0 0 0 0 7 0 0 0 0 0 0 0 0 0 11 0 11 0 0 0 0 8 0 0 0 0 0 0 0 0 0 0 0 0 0 21 0 0 0 0 0 0 15 9 0 7 0 0 0 9 0 0 0 0 2 2 0 0 7 0 15 7 0 0 0 0 0 0 0 0 0 0 15 0 3 0 0 0 6 0 0 0 0 2 0 0 2 0 0 12 0 0 0 0 0 0 9 0 0 0 9 0 16 7 0 0 0 0 0 0 0 0 0 0 0 0 9 0 0 0 0 0 9 0 0 0 0 0 0 12 1 0 1 0 0 0 0 0 9 0 0 0 9 0 0 0 0 0 0 0 10 0 0 0 0 0 0 0 0 0 15 0 0 0 15 0 0 0 0 13 4 0 0 0 0 0 0 0 0 0 0 0 0 0 0 0 0 0 0 0 0 0 0 0 0 0 0 0 0 0 10 0 0 0 0 0 0 9 11 0 11 0 0 0 0 0 15 0 0 0 0 0 3 1 15 0 13 0
0 0 0 0 0 0 0 0 0 13 0 0 0 0 11 0 0 0 0 0 0 0 0 0 3 0 0 0 0 0 0 0 6 0 0 0 0 0 0 0 0 0 8 0 9 0 0 0 0 7 0 0 0 0 0 0 0 0 0 0 0 0 0 16 0 0 0 0 0 0 11 7 0 6 0 0 0 7 0 0 0 0 1 2 0 0 5 0 11 5 0 0 0 0 0 0 0 0 0 0 12 0 2 0 0 0 5 0 0 0 0 2 0 0 1 0 0 9 0 0 0 0 0 0 7 0 0 0 7 0 13 5 0 0 0 0 0 0 0 0 0 0 0 0 7 0 0 0 0 0 7 0 0 0 0 0 0 9 1 0 1 0 0 0 0 0 7 0 0 0 7 0 0 0 0 0 0 0 8 0 0 0 0 0 0 0 0 0 11 0 0 0 11 0 0 0 0 10 3 0 0 0 0 0 0 0 0 0 0 0 0 0 0 0 0 0 0 0 0 0 0 0 0 0 0 0 0 0 8 0 0 0 0 0 0 7 9 0 9 0 0 0 0 0 11 0 0 0 0 0 3 1 12 0 10 0
0 0 0 0 0 0 1 0 3 0 0 0 0 0 0 0 0 0 0 0 0 0 0 0 0 0 0 0 0 0 0 0 0 0 0 0 0 0 0 9 0 0 0 8 0 0 0 8 11 0 0 0 0 0 0 0 0 3 0 0 0 0 0 0 0 1 0 0 0 0 0 0 0 0 11 0 0 0 0 14 0 0 0 0 0 0 0 0 0 0 0 0 0 0 10 0 0 0 0 0 0 0 0 7 0 0 0 8 0 0 8 0 0 11 0 0 0 0 0 0 0 0 0 0 0 2 7 1 0 0 0 0 0 0 0 0 0 0 2 0 0 0 0 2 0 0 0 0 0 0 0 0 2 0 0 0 0 0 0 0 0 0 0 3 0 0 0 0 0 11 0 13 0 0 0 0 6 0 0 0 0 0 0 0 0 9 0 0 0 0 0 0 0 0 0 0 13 0 0 1 0 0 0 0 0 0 0 0 12 0 7 0 0 11 0 0 0 7 5 5 0 0 0 4 8 0 0 0 0 0 0 0 0 8 0 0 0 9 0 0 0 8 0 8 0 0 0 0 0 0 0 0 0 0 0 5
0 0 0 0 0 0 0 0 0 8 0 0 0 0 7 0 0 0 0 0 0 0 0 0 2 0 0 0 0 0 0 0 3 0 0 0 0 0 0 0 0 0 6 0 6 0 0 0 0 4 0 0 0 0 0 0 0 0 0 0 0 0 0 10 0 0 0 0 0 0 7 5 0 4 0 0 0 4 0 0 0 0 1 1 0 0 3 0 7 4 0 0 0 0 0 0 0 0 0 0 8 0 1 0 0 0 3 0 0 0 0 1 0 0 1 0 0 6 0 0 0 0 0 0 4 0 0 0 4 0 8 3 0 0 0 0 0 0 0 0 0 0 0 0 5 0 0 0 0 0 5 0 0 0 0 0 0 6 1 0 1 0 0 0 0 0 5 0 0 0 5 0 0 0 0 0 0 0 5 0 0 0 0 0 0 0 0 0 7 0 0 0 7 0 0 0 0 7 2 0 0 0 0 0 0 0 0 0 0 0 0 0 0 0 0 0 0 0 0 0 0 0 0 0 0 0 0 0 5 0 0 0 0 0 0 5 5 0 5 0 0 0 0 0 8 0 0 0 0 0 2 1 7 0 7 0
0 0 0 0 0 0 0 0 0 21 0 0 0 0 17 0 0 0 0 0 0 0 0 0 4 0 0 0 0 0 0 0 9 0 0 0 0 0 0 0 0 0 14 0 15 0 0 0 0 11 0 0 0 0 0 0 0 0 0 0 0 0 0 26 0 0 0 0 0 0 19 12 0 9 0 0 0 11 0 0 0 0 2 3 0 0 8 0 18 9 0 0 0 0 0 0 0 0 0 0 20 0 3 0 0 0 8 0 0 0 0 3 0 0 2 0 0 15 0 0 0 0 0 0 12 0 0 0 11 0 20 9 0 0 0 0 0 0 0 0 0 0 0 0 11 0 0 0 0 0 12 0 0 0 0 0 0 15 1 0 1 0 0 0 0 0 12 0 0 0 11 0 0 0 0 0 0 0 12 0 0 0 0 0 0 0 0 0 19 0 0 0 19 0 0 0 0 17 6 0 0 0 0 0 0 0 0 0 0 0 0 0 0 0 0 0 0 0 0 0 0 0 0 0 0 0 0 0 12 0 0 0 0 0 0 11 14 0 14 0 0 0 0 0 19 0 0 0 0 0 4 1 19 0 17 0
0 0 0 0 0 0 0 0 0 0 0 0 0 0 0 0 0 0 0 0 0 0 0 0 0 0 0 0 0 0 0 0 0 0 0 0 0 0 0 0 0 0 0 0 0 0 0 0 0 0 0 0 0 0 0 0 0 0 0 0 0 0 0 0 0 0 0 0 0 0 0 0 0 0 0 0 0 0 0 0 0 0 0 0 0 0 0 0 0 0 0 0 0 0 0 0 0 0 0 0 0 0 0 0 0 0 0 0 0 0 0 0 0 0 0 0 0 0 0 0 0 0 0 0 0 0 0 0 0 0 0 0 0 0 0 0 0 0 0 0 0 0 0 0 0 0 0 0 0 0 0 0 0 0 0 0 0 0 0 0 0 0 0 0 0 0 0 0 0 0 0 0 0 0 0 0 0 0 0 0 0 0 0 0 0 0 0 0 0 0 0 0 0 0 0 0 0 0 0 0 0 0 0 0 0 0 0 0 0 0 0 0 0 0 0 0 0 0 0 0 0 0 0 0 0 0 0 0 0 0 0 0 0 0 0 0 0 0 0 0 0 0 0 0 0 0 0 0 0 0 0 0 0 0 0 0
0 0 0 0 0 0 1 0 2 0 0 0 0 0 0 0 0 0 0 0 0 0 0 0 0 0 0 0 0 0 0 0 0 0 0 0 0 0 0 8 0 0 0 6 0 0 0 7 9 0 0 0 0 0 0 0 0 2 0 0 0 0 0 0 0 1 0 0 0 0 0 0 0 0 9 0 0 0 0 11 0 0 0 0 0 0 0 0 0 0 0 0 0 0 8 0 0 0 0 0 0 0 0 6 0 0 0 7 0 0 6 0 0 9 0 0 0 0 0 0 0 0 0 0 0 2 6 1 0 0 0 0 0 0 0 0 0 0 2 0 0 0 0 2 0 0 0 0 0 0 0 0 2 0 0 0 0 0 0 0 0 0 0 3 0 0 0 0 0 9 0 10 0 0 0 0 5 0 0 0 0 0 0 0 0 7 0 0 0 0 0 0 0 0 0 0 11 0 0 1 0 0 0 0 0 0 0 0 10 0 6 0 0 9 0 0 0 6 4 4 0 0 0 3 7 0 0 0 0 0 0 0 0 7 0 0 0 7 0 0 0 6 0 7 0 0 0 0 0 0 0 0 0 0 0 4
0 0 0 0 0 0 1 0 3 0 0 0 0 0 0 0 0 0 0 0 0 0 0 0 0 0 0 0 0 0 0 0 0 0 0 0 0 0 0 9 0 0 0 8 0 0 0 8 11 0 0 0 0 0 0 0 0 3 0 0 0 0 0 0 0 1 0 0 0 0 0 0 0 0 11 0 0 0 0 14 0 0 0 0 0 0 0 0 0 0 0 0 0 0 10 0 0 0 0 0 0 0 0 7 0 0 0 8 0 0 8 0 0 11 0 0 0 0 0 0 0 0 0 0 0 2 7 1 0 0 0 0 0 0 0 0 0 0 2 0 0 0 0 2 0 0 0 0 0 0 0 0 2 0 0 0 0 0 0 0 0 0 0 3 0 0 0 0 0 11 0 13 0 0 0 0 6 0 0 0 0 0 0 0 0 9 0 0 0 0 0 0 0 0 0 0 13 0 0 1 0 0 0 0 0 0 0 0 12 0 7 0 0 11 0 0 0 7 5 5 0 0 0 4 8 0 0 0 0 0 0 0 0 8 0 0 0 9 0 0 0 8 0 8 0 0 0 0 0 0 0 0 0 0 0 5
0 0 0 0 0 0 0 0 0 25 0 0 0 0 21 0 0 0 0 0 0 0 0 0 5 0 0 0 0 0 0 0 11 0 0 0 0 0 0 0 0 0 16 0 17 0 0 0 0 13 0 0 0 0 0 0 0 0 0 0 0 0 0 31 0 0 0 0 0 0 22 14 0 11 0 0 0 13 0 0 0 0 3 3 0 0 10 0 22 10 0 0 0 0 0 0 0 0 0 0 23 0 4 0 0 0 10 0 0 0 0 3 0 0 2 0 0 18 0 0 0 0 0 0 14 0 0 0 13 0 24 10 0 0 0 0 0 0 0 0 0 0 0 0 13 0 0 0 0 0 14 0 0 0 0 0 0 18 1 0 1 0 0 0 0 0 14 0 0 0 14 0 0 0 0 0 0 0 15 0 0 0 0 0 0 0 0 0 22 0 0 0 22 0 0 0 0 20 7 0 0 0 0 0 0 0 0 0 0 0 0 0 0 0 0 0 0 0 0 0 0 0 0 0 0 0 0 0 15 0 0 0 0 0 0 14 17 0 17 0 0 0 0 0 22 0 0 0 0 0 5 1 23 0 20 0
0 0 0 0 0 0 1 0 3 0 0 0 0 0 0 0 0 0 0 0 0 0 0 0 0 0 0 0 0 0 0 0 0 0 0 0 0 0 0 8 0 0 0 7 0 0 0 7 10 0 0 0 0 0 0 0 0 2 0 0 0 0 0 0 0 1 0 0 0 0 0 0 0 0 10 0 0 0 0 13 0 0 0 0 0 0 0 0 0 0 0 0 0 0 9 0 0 0 0 0 0 0 0 6 0 0 0 8 0 0 7 0 0 10 0 0 0 0 0 0 0 0 0 0 0 2 6 1 0 0 0 0 0 0 0 0 0 0 2 0 0 0 0 2 0 0 0 0 0 0 0 0 2 0 0 0 0 0 0 0 0 0 0 3 0 0 0 0 0 10 0 11 0 0 0 0 5 0 0 0 0 0 0 0 0 8 0 0 0 0 0 0 0 0 0 0 12 0 0 1 0 0 0 0 0 0 0 0 11 0 6 0 0 10 0 0 0 6 5 5 0 0 0 4 8 0 0 0 0 0 0 0 0 7 0 0 0 8 0 0 0 7 0 7 0 0 0 0 0 0 0 0 0 0 0 5
0 0 0 0 0 0 1 0 2 0 0 0 0 0 0 0 0 0 0 0 0 0 0 0 0 0 0 0 0 0 0 0 0 0 0 0 0 0 0 8 0 0 0 6 0 0 0 7 9 0 0 0 0 0 0 0 0 2 0 0 0 0 0 0 0 1 0 0 0 0 0 0 0 0 9 0 0 0 0 11 0 0 0 0 0 0 0 0 0 0 0 0 0 0 8 0 0 0 0 0 0 0 0 6 0 0 0 7 0 0 6 0 0 9 0 0 0 0 0 0 0 0 0 0 0 2 6 1 0 0 0 0 0 0 0 0 0 0 2 0 0 0 0 2 0 0 0 0 0 0 0 0 2 0 0 0 0 0 0 0 0 0 0 3 0 0 0 0 0 9 0 10 0 0 0 0 5 0 0 0 0 0 0 0 0 7 0 0 0 0 0 0 0 0 0 0 10 0 0 1 0 0 0 0 0 0 0 0 10 0 6 0 0 9 0 0 0 5 4 4 0 0 0 4 7 0 0 0 0 0 0 1 0 7 0 0 0 7 0 0 0 7 0 7 0 0 0 0 0 0 0 0 0 0 0 4
0 0 0 0 0 0 0 0 0 6 0 0 0 0 4 0 0 0 0 0 0 0 0 0 1 0 0 0 0 0 0 0 2 0 0 0 0 0 0 0 0 0 3 0 4 0 0 0 0 3 0 0 0 0 0 0 0 0 0 0 0 0 0 8 0 0 0 0 0 0 5 3 0 2 0 0 0 3 0 0 0 0 1 0 0 0 2 0 5 2 0 0 0 0 0 0 0 0 0 0 5 0 0 0 0 0 2 0 0 0 0 1 0 0 0 0 0 5 0 0 0 0 0 0 2 0 0 0 3 0 6 2 0 0 0 0 0 0 0 0 0 0 0 0 3 0 0 0 0 0 3 0 0 0 0 0 0 4 0 0 0 0 0 0 0 0 3 0 0 0 3 0 0 0 0 0 0 0 4 0 0 0 0 0 0 0 0 0 5 0 0 0 5 0 0 0 0 4 1 0 0 0 0 0 0 0 0 0 0 0 0 0 0 0 0 0 0 0 0 0 0 0 0 0 0 0 0 0 3 0 0 0 0 0 0 3 4 0 3 0 0 0 0 0 5 0 0 0 0 0 1 0 5 0 4 0
0 0 0 0 0 0 1 0 3 0 0 0 0 0 0 0 0 0 0 0 0 0 0 0 0 0 0 0 0 0 0 0 0 0 0 0 0 0 0 9 0 0 0 7 0 0 0 8 10 0 0 0 0 0 0 0 0 3 0 0 0 0 0 0 0 1 0 0 0 0 0 0 0 0 10 0 0 0 0 13 0 0 0 0 0 0 0 0 0 0 0 0 0 0 9 0 0 0 0 0 0 0 0 7 0 0 0 8 0 0 7 0 0 11 0 0 0 0 0 0 0 0 0 0 0 2 7 1 0 0 0 0 0 0 0 0 0 0 2 0 0 0 0 2 0 0 0 0 0 0 0 0 2 0 0 0 0 0 0 0 0 0 0 3 0 0 0 0 0 10 0 12 0 0 0 0 6 0 0 0 0 0 0 0 0 8 0 0 0 0 0 0 0 0 0 0 12 0 0 1 0 0 0 0 0 0 0 0 12 0 6 0 0 10 0 0 0 7 5 5 0 0 0 4 8 0 0 0 0 0 0 0 0 7 0 0 0 8 0 0 0 7 0 8 0 0 0 0 0 0 0 0 0 0 0 5
0 0 0 0 0 0 1 0 3 0 0 0 0 0 0 0 0 0 0 0 0 0 0 0 0 0 0 0 0 0 0 0 0 0 0 0 0 0 0 8 0 0 0 7 0 0 0 7 10 0 0 0 0 0 0 0 0 2 0 0 0 0 0 0 0 1 0 0 0 0 0 0 0 0 10 0 0 0 0 12 0 0 0 0 0 0 0 0 0 0 0 0 0 0 9 0 0 0 0 0 0 0 0 6 0 0 0 7 0 0 7 0 0 10 0 0 0 0 0 0 0 0 0 0 0 2 6 1 0 0 0 0 0 0 0 0 0 0 2 0 0 0 0 2 0 0 0 0 0 0 0 0 2 0 0 0 0 0 0 0 0 0 0 3 0 0 0 0 0 10 0 11 0 0 0 0 5 0 0 0 0 0 0 0 0 8 0 0 0 0 0 0 0 0 0 0 12 0 0 1 0 0 0 0 0 0 0 0 11 0 6 0 0 10 0 0 0 6 5 5 0 0 0 4 7 0 0 0 0 0 0 0 0 7 0 0 0 8 0 0 0 7 0 7 0 0 0 0 0 0 0 0 0 0 0 5
0 0 0 0 0 0 0 0 0 26 0 0 0 0 22 0 0 0 0 0 0 0 0 0 5 0 0 0 0 0 0 0 11 0 0 0 0 0 0 0 0 0 17 0 18 0 0 0 0 13 0 0 0 0 0 0 0 0 0 0 0 0 0 33 0 0 0 0 0 0 23 15 0 12 0 0 0 14 0 0 0 0 3 3 0 0 11 0 23 11 0 0 0 0 0 0 0 0 0 0 24 0 4 0 0 0 10 0 0 0 0 3 0 0 3 0 0 19 0 0 0 0 0 0 14 0 0 0 13 0 25 11 0 0 0 0 0 0 0 0 0 0 0 0 14 0 0 0 0 0 15 0 0 0 0 0 0 19 2 0 1 0 0 0 0 0 15 0 0 0 14 0 0 0 0 0 0 0 15 0 0 0 0 0 0 0 0 0 23 0 0 0 23 0 0 0 0 21 7 0 0 0 0 0 0 0 0 0 0 0 0 0 0 0 0 0 0 0 0 0 0 0 0 0 0 0 0 0 15 0 0 0 0 0 0 14 17 0 18 0 0 0 0 0 23 0 0 0 0 0 6 1 24 0 21 0
0 0 0 0 0 0 1 0 2 0 0 0 0 0 0 0 0 0 0 0 0 0 0 0 0 0 0 0 0 0 0 0 0 0 0 0 0 0 0 8 0 0 0 7 0 0 0 7 9 0 0 0 0 0 0 0 0 2 0 0 0 0 0 0 0 1 0 0 0 0 0 0 0 0 9 0 0 0 0 12 0 0 0 0 0 0 0 0 0 0 0 0 0 0 8 0 0 0 0 0 0 0 0 6 0 0 0 7 0 0 7 0 0 9 0 0 0 0 0 0 0 0 0 0 0 2 6 1 0 0 0 0 0 0 0 0 0 0 2 0 0 0 0 2 0 0 0 0 0 0 0 0 2 0 0 0 0 0 0 0 0 0 0 3 0 0 0 0 0 9 0 11 0 0 0 0 5 0 0 0 0 0 0 0 0 8 0 0 0 0 0 0 0 0 0 0 11 0 0 1 0 0 0 0 0 0 0 0 10 0 6 0 0 9 0 0 0 6 4 4 0 0 0 4 7 0 0 0 0 0 0 0 0 7 0 0 0 8 0 0 0 7 0 7 0 0 0 0 0 0 0 0 0 0 0 4
0 0 0 0 0 0 1 0 2 0 0 0 0 0 0 0 0 0 0 0 0 0 0 0 0 0 0 0 0 0 0 0 0 0 0 0 0 0 0 8 0 0 0 6 0 0 0 7 9 0 0 0 0 0 0 0 0 2 0 0 0 0 0 0 0 1 0 0 0 0 0 0 0 0 9 0 0 0 0 11 0 0 0 0 0 0 0 0 0 0 0 0 0 0 8 0 0 0 0 0 0 0 0 6 0 0 0 7 0 0 7 0 0 9 0 0 0 0 0 0 0 0 0 0 0 1 6 1 0 0 0 0 0 0 0 0 0 0 1 0 0 0 0 2 0 0 0 0 0 0 0 0 2 0 0 0 0 0 0 0 0 0 0 3 0 0 0 0 0 9 0 10 0 0 0 0 5 0 0 0 0 0 0 0 0 7 0 0 0 0 0 0 0 0 0 0 10 0 0 1 0 0 0 0 0 0 0 0 10 0 6 0 0 9 0 0 0 6 4 4 0 0 0 3 7 0 0 0 0 0 0 0 0 6 0 0 0 7 0 0 0 6 0 7 0 0 0 0 0 0 0 0 0 0 0 4
0 0 0 0 0 0 0 0 0 19 0 0 0 0 16 0 0 0 0 0 0 0 0 0 4 0 0 0 0 0 0 0 8 0 0 0 0 0 0 0 0 0 13 0 14 0 0 0 0 10 0 0 0 0 0 0 0 0 0 0 0 0 0 24 0 0 0 0 0 0 17 11 0 9 0 0 0 10 0 0 0 0 2 2 0 0 8 0 17 8 0 0 0 0 0 0 0 0 0 0 18 0 3 0 0 0 8 0 0 0 0 3 0 0 2 0 0 14 0 0 0 0 0 0 11 0 0 0 10 0 19 8 0 0 0 0 0 0 0 0 0 0 0 0 10 0 0 0 0 0 11 0 0 0 0 0 0 14 1 0 1 0 0 0 0 0 11 0 0 0 10 0 0 0 0 0 0 0 11 0 0 0 0 0 0 0 0 0 17 0 0 0 17 0 0 0 0 15 5 0 0 0 0 0 0 0 0 0 0 0 0 0 0 0 0 0 0 0 0 0 0 0 0 0 0 0 0 0 12 0 0 0 0 0 0 11 13 0 13 0 0 0 0 0 17 0 0 0 0 0 4 1 18 0 16 0
0 0 0 0 0 0 1 0 3 0 0 0 0 0 0 0 0 0 0 0 0 0 0 0 0 0 0 0 0 0 0 0 0 0 0 0 0 0 0 9 0 0 0 8 0 0 0 8 11 0 0 0 0 0 0 0 0 3 0 0 0 0 0 0 0 1 0 0 0 0 0 0 0 0 11 0 0 0 0 14 0 0 0 0 0 0 0 0 0 0 0 0 0 0 10 0 0 0 0 0 0 0 0 7 0 0 0 8 0 0 8 0 0 11 0 0 0 0 0 0 0 0 0 0 0 2 7 1 0 0 0 0 0 0 0 0 0 0 2 0 0 0 0 2 0 0 0 0 0 0 0 0 2 0 0 0 0 0 0 0 0 0 0 3 0 0 0 0 0 11 0 13 0 0 0 0 6 0 0 0 0 0 0 0 0 9 0 0 0 0 0 0 0 0 0 0 13 0 0 1 0 0 0 0 0 0 0 0 12 0 7 0 0 11 0 0 0 7 5 5 0 0 0 4 8 0 0 0 0 0 0 0 0 8 0 0 0 9 0 0 0 8 0 8 0 0 0 0 0 0 0 0 0 0 0 5
0 0 0 0 0 0 0 0 0 21 0 0 0 0 18 0 0 0 0 0 0 0 0 0 4 0 0 0 0 0 0 0 9 0 0 0 0 0 0 0 0 0 14 0 15 0 0 0 0 11 0 0 0 0 0 0 0 0 0 0 0 0 0 27 0 0 0 0 0 0 19 12 0 10 0 0 0 11 0 0 0 0 2 2 0 0 8 0 19 9 0 0 0 0 0 0 0 0 0 0 20 0 3 0 0 0 8 0 0 0 0 3 0 0 2 0 0 15 0 0 0 0 0 0 12 0 0 0 11 0 20 9 0 0 0 0 0 0 0 0 0 0 0 0 11 0 0 0 0 0 12 0 0 0 0 0 0 15 1 0 1 0 0 0 0 0 12 0 0 0 12 0 0 0 0 0 0 0 13 0 0 0 0 0 0 0 0 0 19 0 0 0 19 0 0 0 0 17 6 0 0 0 0 0 0 0 0 0 0 0 0 0 0 0 0 0 0 0 0 0 0 0 0 0 0 0 0 0 13 0 0 0 0 0 0 11 14 0 14 0 0 0 0 0 19 0 0 0 0 0 4 1 19 0 17 0
0 0 0 0 0 0 1 0 3 0 0 0 0 0 0 0 0 0 0 0 0 0 0 0 0 0 0 0 0 0 0 0 0 0 0 0 0 0 0 9 0 0 0 7 0 0 0 8 10 0 0 0 0 0 0 0 0 3 0 0 0 0 0 0 0 1 0 0 0 0 0 0 0 0 10 0 0 0 0 13 0 0 0 0 0 0 0 0 0 0 0 0 0 0 9 0 0 0 0 0 0 0 0 6 0 0 0 8 0 0 7 0 0 10 0 0 0 0 0 0 0 0 0 0 0 2 6 1 0 0 0 0 0 0 0 0 0 0 2 0 0 0 0 2 0 0 0 0 0 0 0 0 2 0 0 0 0 0 0 0 0 0 0 3 0 0 0 0 0 10 0 11 0 0 0 0 5 0 0 0 0 0 0 0 0 8 0 0 0 0 0 0 0 0 0 0 12 0 0 1 0 0 0 0 0 0 0 0 11 0 6 0 0 10 0 0 0 6 5 5 0 0 0 4 8 0 0 0 0 0 0 0 0 7 0 0 0 8 0 0 0 7 0 7 0 0 0 0 0 0 0 0 0 0 0 5
0 0 0 0 0 0 0 0 0 18 0 0 0 0 15 0 0 0 0 0 0 0 0 0 4 0 0 0 0 0 0 0 8 0 0 0 0 0 0 0 0 0 12 0 13 0 0 0 0 9 0 0 0 0 0 0 0 0 0 0 0 0 0 23 0 0 0 0 0 0 16 10 0 8 0 0 0 10 0 0 0 0 2 2 0 0 7 0 16 8 0 0 0 0 0 0 0 0 0 0 17 0 3 0 0 0 7 0 0 0 0 2 0 0 2 0 0 13 0 0 0 0 0 0 10 0 0 0 9 0 17 8 0 0 0 0 0 0 0 0 0 0 0 0 10 0 0 0 0 0 10 0 0 0 0 0 0 13 1 0 1 0 0 0 0 0 10 0 0 0 10 0 0 0 0 0 0 0 11 0 0 0 0 0 0 0 0 0 16 0 0 0 16 0 0 0 0 14 5 0 0 0 0 0 0 0 0 0 0 0 0 0 0 0 0 0 0 0 0 0 0 0 0 0 0 0 0 0 11 0 0 0 0 0 0 10 12 0 12 0 0 0 0 0 16 0 0 0 0 0 4 1 16 0 14 0
0 0 0 0 0 0 1 0 3 0 0 0 0 0 0 0 0 0 0 0 0 0 0 0 0 0 0 0 0 0 0 0 0 0 0 0 0 0 0 9 0 0 0 7 0 0 0 8 11 0 0 0 0 0 0 0 0 3 0 0 0 0 0 0 0 1 0 0 0 0 0 0 0 0 11 0 0 0 0 14 0 0 0 0 0 0 0 0 0 0 0 0 0 0 10 0 0 0 0 0 0 0 0 7 0 0 0 8 0 0 8 0 0 11 0 0 0 0 0 0 0 0 0 0 0 2 7 1 0 0 0 0 0 0 0 0 0 0 2 0 0 0 0 2 0 0 0 0 0 0 0 0 2 0 0 0 0 0 0 0 0 0 0 3 0 0 0 0 0 11 0 12 0 0 0 0 6 0 0 0 0 0 0 0 0 9 0 0 0 0 0 0 0 0 0 0 12 0 0 1 0 0 0 0 0 0 0 0 12 0 7 0 0 10 0 0 0 7 5 5 0 0 0 4 8 0 0 0 0 0 0 0 0 8 0 0 0 9 0 0 0 7 0 8 0 0 0 0 0 0 0 0 0 0 0 5
0 0 0 0 0 0 0 0 0 0 0 0 0 0 0 0 0 0 0 0 0 0 0 0 0 0 0 0 0 0 0 0 0 0 0 0 0 0 0 0 0 0 0 0 0 0 0 0 0 0 0 0 0 0 0 0 0 0 0 0 0 0 0 0 0 0 0 0 0 0 0 0 0 0 0 0 0 0 0 0 0 0 0 0 0 0 0 0 0 0 0 0 0 0 0 0 0 0 0 0 0 0 0 0 0 0 0 0 0 0 0 0 0 0 0 0 0 0 0 0 0 0 0 0 0 0 0 0 0 0 0 0 0 0 0 0 0 0 0 0 0 0 0 0 0 0 0 0 0 0 0 0 0 0 0 0 0 0 0 0 0 0 0 0 0 0 0 0 0 0 0 0 0 0 0 0 0 0 0 0 0 0 0 0 0 0 0 0 0 0 0 0 0 0 0 0 0 0 0 0 0 0 0 0 0 0 0 0 0 0 0 0 0 0 0 0 0 0 0 0 0 0 0 0 0 0 0 0 0 0 0 0 0 0 0 0 0 0 0 0 0 0 0 0 0 0 0 0 0 0 0 0 0 0 0 0
0 0 0 0 0 0 0 0 0 16 0 0 0 0 13 0 0 0 0 0 0 0 0 0 3 0 0 0 0 0 0 0 7 0 0 0 0 0 0 0 0 0 11 0 11 0 0 0 0 8 0 0 0 0 0 0 0 0 0 0 0 0 0 21 0 0 0 0 0 0 15 9 0 7 0 0 0 9 0 0 0 0 2 2 0 0 7 0 15 7 0 0 0 0 0 0 0 0 0 0 15 0 3 0 0 0 6 0 0 0 0 2 0 0 2 0 0 12 0 0 0 0 0 0 9 0 0 0 9 0 16 7 0 0 0 0 0 0 0 0 0 0 0 0 9 0 0 0 0 0 9 0 0 0 0 0 0 12 1 0 1 0 0 0 0 0 9 0 0 0 9 0 0 0 0 0 0 0 10 0 0 0 0 0 0 0 0 0 15 0 0 0 15 0 0 0 0 13 4 0 0 0 0 0 0 0 0 0 0 0 0 0 0 0 0 0 0 0 0 0 0 0 0 0 0 0 0 0 10 0 0 0 0 0 0 9 11 0 11 0 0 0 0 0 15 0 0 0 0 0 3 1 15 0 13 0
0 0 0 0 0 0 0 0 0 31 0 0 0 0 26 0 0 0 0 0 0 0 0 0 6 0 0 0 0 0 0 0 13 0 0 0 0 0 0 0 0 0 21 0 22 0 0 0 0 16 0 0 0 0 0 0 0 0 0 0 0 0 0 40 0 0 0 0 0 0 28 18 0 14 0 0 0 17 0 0 0 0 3 3 0 0 13 0 28 13 0 0 0 0 0 0 0 0 0 0 29 0 5 0 0 0 12 0 0 0 0 5 0 0 3 0 0 23 0 0 0 0 0 0 18 0 0 0 17 0 30 13 0 0 0 0 0 0 0 0 0 0 0 0 17 0 0 0 0 0 18 0 0 0 0 0 0 23 2 0 2 0 0 0 0 0 18 0 0 0 17 0 0 0 0 0 0 0 18 0 0 0 0 0 0 0 0 0 28 0 0 0 28 0 0 0 0 25 9 0 0 0 0 0 0 0 0 0 0 0 0 0 0 0 0 0 0 0 0 0 0 0 0 0 0 0 0 0 19 0 0 0 0 0 0 17 21 0 22 0 0 0 0 0 28 0 0 0 0 0 6 2 29 0 25 0
0 0 0 0 0 0 0 0 0 29 0 0 0 0 24 0 0 0 0 0 0 0 0 0 6 0 0 0 0 0 0 0 12 0 0 0 0 0 0 0 0 0 19 0 20 0 0 0 0 15 0 0 0 0 0 0 0 0 0 0 0 0 0 37 0 0 0 0 0 0 26 16 0 13 0 0 0 16 0 0 0 0 3 3 0 0 12 0 26 12 0 0 0 0 0 0 0 0 0 0 27 0 5 0 0 0 11 0 0 0 0 4 0 0 3 0 0 21 0 0 0 0 0 0 16 0 0 0 15 0 28 12 0 0 0 0 0 0 0 0 0 0 0 0 16 0 0 0 0 0 16 0 0 0 0 0 0 21 2 0 2 0 0 0 0 0 17 0 0 0 16 0 0 0 0 0 0 0 17 0 0 0 0 0 0 0 0 0 26 0 0 0 26 0 0 0 0 23 8 0 0 0 0 0 0 0 0 0 0 0 0 0 0 0 0 0 0 0 0 0 0 0 0 0 0 0 0 0 17 0 0 0 0 0 0 16 19 0 20 0 0 0 0 0 26 0 0 0 0 0 6 1 26 0 23 0
0 0 0 0 0 0 1 0 2 0 0 0 0 0 0 0 0 0 0 0 0 0 0 0 0 0 0 0 0 0 0 0 0 0 0 0 0 0 0 8 0 0 0 7 0 0 0 7 10 0 0 0 0 0 0 0 0 2 0 0 0 0 0 0 0 1 0 0 0 0 0 0 0 0 10 0 0 0 0 12 0 0 0 0 0 0 0 0 0 0 0 0 0 0 9 0 0 0 0 0 0 0 0 6 0 0 0 7 0 0 7 0 0 10 0 0 0 0 0 0 0 0 0 0 0 2 6 1 0 0 0 0 0 0 0 0 0 0 2 0 0 0 0 2 0 0 0 0 0 0 0 0 2 0 0 0 0 0 0 0 0 0 0 3 0 0 0 0 0 10 0 11 0 0 0 0 5 0 0 0 0 0 0 0 0 8 0 0 0 0 0 0 0 0 0 0 11 0 0 1 0 0 0 0 0 0 0 0 11 0 6 0 0 10 0 0 0 6 4 5 0 0 0 4 7 0 0 0 0 0 0 0 0 7 0 0 0 8 0 0 0 7 0 7 0 0 0 0 0 0 0 0 0 0 0 5
0 0 0 0 0 0 0 0 0 5 0 0 0 0 4 0 0 0 0 0 0 0 0 0 1 0 0 0 0 0 0 0 1 0 0 0 0 0 0 0 0 0 3 0 4 0 0 0 0 3 0 0 0 0 0 0 0 0 0 0 0 0 0 7 0 0 0 0 0 0 5 3 0 2 0 0 0 3 0 0 0 0 1 0 0 0 2 0 5 2 0 0 0 0 0 0 0 0 0 0 5 0 0 0 0 0 2 0 0 0 0 1 0 0 0 0 0 5 0 0 0 0 0 0 2 0 0 0 3 0 5 2 0 0 0 0 0 0 0 0 0 0 0 0 3 0 0 0 0 0 3 0 0 0 0 0 0 3 0 0 0 0 0 0 0 0 3 0 0 0 2 0 0 0 0 0 0 0 3 0 0 0 0 0 0 0 0 0 5 0 0 0 5 0 0 0 0 4 1 0 0 0 0 0 0 0 0 0 0 0 0 0 0 0 0 0 0 0 0 0 0 0 0 0 0 0 0 0 3 0 0 0 0 0 0 3 4 0 3 0 0 0 0 0 5 0 0 0 0 0 1 0 5 0 4 0
0 0 0 0 0 0 0 0 0 12 0 0 0 0 10 0 0 0 0 0 0 0 0 0 3 0 0 0 0 0 0 0 5 0 0 0 0 0 0 0 0 0 8 0 9 0 0 0 0 7 0 0 0 0 0 0 0 0 0 0 0 0 0 16 0 0 0 0 0 0 11 7 0 6 0 0 0 7 0 0 0 0 1 2 0 0 5 0 11 5 0 0 0 0 0 0 0 0 0 0 11 0 2 0 0 0 5 0 0 0 0 2 0 0 1 0 0 9 0 0 0 0 0 0 7 0 0 0 7 0 12 5 0 0 0 0 0 0 0 0 0 0 0 0 7 0 0 0 0 0 7 0 0 0 0 0 0 9 1 0 1 0 0 0 0 0 7 0 0 0 7 0 0 0 0 0 0 0 7 0 0 0 0 0 0 0 0 0 11 0 0 0 11 0 0 0 0 10 3 0 0 0 0 0 0 0 0 0 0 0 0 0 0 0 0 0 0 0 0 0 0 0 0 0 0 0 0 0 7 0 0 0 0 0 0 7 8 0 8 0 0 0 0 0 11 0 0 0 0 0 3 1 11 0 10 0
0 0 0 0 0 0 1 0 3 0 0 0 0 0 0 0 0 0 0 0 0 0 0 0 0 0 0 0 0 0 0 0 0 0 0 0 0 0 0 9 0 0 0 8 0 0 0 8 11 0 0 0 0 0 0 0 0 3 0 0 0 0 0 0 0 1 0 0 0 0 0 0 0 0 11 0 0 0 0 14 0 0 0 0 0 0 0 0 0 0 0 0 0 0 10 0 0 0 0 0 0 0 0 7 0 0 0 8 0 0 8 0 0 11 0 0 0 0 0 0 0 0 0 0 0 2 7 1 0 0 0 0 0 0 0 0 0 0 2 0 0 0 0 2 0 0 0 0 0 0 0 0 2 0 0 0 0 0 0 0 0 0 0 3 0 0 0 0 0 11 0 13 0 0 0 0 6 0 0 0 0 0 0 0 0 9 0 0 0 0 0 0 0 0 0 0 13 0 0 1 0 0 0 0 0 0 0 0 12 0 7 0 0 11 0 0 0 7 5 5 0 0 0 4 8 0 0 0 0 0 0 0 0 8 0 0 0 9 0 0 0 8 0 8 0 0 0 0 0 0 0 0 0 0 0 5
0 0 0 0 0 0 1 0 2 0 0 0 0 0 0 0 0 0 0 0 0 0 0 0 0 0 0 0 0 0 0 0 0 0 0 0 0 0 0 6 0 0 0 5 0 0 0 5 7 0 0 0 0 0 0 0 0 2 0 0 0 0 0 0 0 1 0 0 0 0 0 0 0 0 7 0 0 0 0 9 0 0 0 0 0 0 0 0 0 0 0 0 0 0 6 0 0 0 0 0 0 0 0 5 0 0 0 5 0 0 5 0 0 7 0 0 0 0 0 0 0 0 0 0 0 1 4 0 0 0 0 0 0 0 0 0 0 0 1 0 0 0 0 1 0 0 0 0 0 0 0 0 2 0 0 0 0 0 0 0 0 0 0 2 0 0 0 0 0 7 0 8 0 0 0 0 4 0 0 0 0 0 0 0 0 6 0 0 0 0 0 0 0 0 0 0 8 0 0 1 0 0 0 0 0 0 0 0 8 0 5 0 0 7 0 0 0 4 3 3 0 0 0 3 5 0 0 0 0 0 0 0 0 5 0 0 0 6 0 0 0 5 0 5 0 0 0 0 0 0 0 0 0 0 0 3
0 0 0 0 0 0 0 0 0 17 0 0 0 0 14 0 0 0 0 0 0 0 0 0 4 0 0 0 0 0 0 0 7 0 0 0 0 0 0 0 0 0 11 0 12 0 0 0 0 9 0 0 0 0 0 0 0 0 0 0 0 0 0 21 0 0 0 0 0 0 15 10 0 8 0 0 0 9 0 0 0 0 2 2 0 0 7 0 15 7 0 0 0 0 0 0 0 0 0 0 16 0 3 0 0 0 7 0 0 0 0 2 0 0 1 0 0 12 0 0 0 0 0 0 9 0 0 0 9 0 16 7 0 0 0 0 0 0 0 0 0 0 0 0 9 0 0 0 0 0 10 0 0 0 0 0 0 12 1 0 1 0 0 0 0 0 10 0 0 0 9 0 0 0 0 0 0 0 10 0 0 0 0 0 0 0 0 0 15 0 0 0 15 0 0 0 0 13 5 0 0 0 0 0 0 0 0 0 0 0 0 0 0 0 0 0 0 0 0 0 0 0 0 0 0 0 0 0 10 0 0 0 0 0 0 9 11 0 12 0 0 0 0 0 15 0 0 0 0 0 4 1 15 0 13 0
0 0 0 0 0 0 1 0 3 0 0 0 0 0 0 0 0 0 0 0 0 0 0 0 0 0 0 0 0 0 0 0 0 0 0 0 0 0 0 9 0 0 0 7 0 0 0 8 11 0 0 0 0 0 0 0 0 3 0 0 0 0 0 0 0 1 0 0 0 0 0 0 0 0 11 0 0 0 0 14 0 0 0 0 0 0 0 0 0 0 0 0 0 0 10 0 0 0 0 0 0 0 0 7 0 0 0 8 0 0 8 0 0 11 0 0 0 0 0 0 0 0 0 0 0 2 7 1 0 0 0 0 0 0 0 0 0 0 2 0 0 0 0 2 0 0 0 0 0 0 0 0 2 0 0 0 0 0 0 0 0 0 0 3 0 0 0 0 0 11 0 12 0 0 0 0 6 0 0 0 0 0 0 0 0 9 0 0 0 0 0 0 0 0 0 0 13 0 0 1 0 0 0 0 0 0 0 0 12 0 7 0 0 11 0 0 0 7 5 5 0 0 0 4 8 0 0 0 0 0 0 0 0 8 0 0 0 9 0 0 0 8 0 8 0 0 0 0 0 0 0 0 0 0 0 5
0 0 0 0 0 0 0 0 0 19 0 0 0 0 16 0 0 0 0 0 0 0 0 0 4 0 0 0 0 0 0 0 8 0 0 0 0 0 0 0 0 0 13 0 13 0 0 0 0 10 0 0 0 0 0 0 0 0 0 0 0 0 0 24 0 0 0 0 0 0 17 11 0 9 0 0 0 10 0 0 0 0 2 2 0 0 8 0 17 8 0 0 0 0 0 0 0 0 0 0 18 0 3 0 0 0 7 0 0 0 0 3 0 0 2 0 0 14 0 0 0 0 0 0 11 0 0 0 10 0 19 8 0 0 0 0 0 0 0 0 0 0 0 0 10 0 0 0 0 0 11 0 0 0 0 0 0 14 1 0 1 0 0 0 0 0 11 0 0 0 11 0 0 0 0 0 0 0 11 0 0 0 0 0 0 0 0 0 17 0 0 0 17 0 0 0 0 15 5 0 0 0 0 0 0 0 0 0 0 0 0 0 0 0 0 0 0 0 0 0 0 0 0 0 0 0 0 0 11 0 0 0 0 0 0 10 13 0 13 0 0 0 0 0 17 0 0 0 0 0 4 1 18 0 15 0
0 0 0 0 0 0 0 0 0 25 0 0 0 0 21 0 0 0 0 0 0 0 0 0 5 0 0 0 0 0 0 0 11 0 0 0 0 0 0 0 0 0 16 0 17 0 0 0 0 13 0 0 0 0 0 0 0 0 0 0 0 0 0 32 0 0 0 0 0 0 22 14 0 11 0 0 0 13 0 0 0 0 3 3 0 0 10 0 22 11 0 0 0 0 0 0 0 0 0 0 23 0 4 0 0 0 10 0 0 0 0 3 0 0 2 0 0 18 0 0 0 0 0 0 14 0 0 0 13 0 24 10 0 0 0 0 0 0 0 0 0 0 0 0 13 0 0 0 0 0 14 0 0 0 0 0 0 18 1 0 1 0 0 0 0 0 14 0 0 0 14 0 0 0 0 0 0 0 15 0 0 0 0 0 0 0 0 0 22 0 0 0 22 0 0 0 0 20 7 0 0 0 0 0 0 0 0 0 0 0 0 0 0 0 0 0 0 0 0 0 0 0 0 0 0 0 0 0 15 0 0 0 0 0 0 14 17 0 17 0 0 0 0 0 22 0 0 0 0 0 6 1 23 0 20 0
0 0 0 0 0 0 1 0 1 0 0 0 0 0 0 0 0 0 0 0 0 0 0 0 0 0 0 0 0 0 0 0 0 0 0 0 0 0 0 3 0 0 0 3 0 0 0 3 4 0 0 0 0 0 0 0 0 1 0 0 0 0 0 0 0 0 0 0 0 0 0 0 0 0 4 0 0 0 0 5 0 0 0 0 0 0 0 0 0 0 0 0 0 0 3 0 0 0 0 0 0 0 0 2 0 0 0 3 0 0 3 0 0 4 0 0 0 0 0 0 0 0 0 0 0 1 2 0 0 0 0 0 0 0 0 0 0 0 1 0 0 0 0 1 0 0 0 0 0 0 0 0 1 0 0 0 0 0 0 0 0 0 0 1 0 0 0 0 0 4 0 4 0 0 0 0 2 0 0 0 0 0 0 0 0 3 0 0 0 0 0 0 0 0 0 0 4 0 0 0 0 0 0 0 0 0 0 0 4 0 2 0 0 4 0 0 0 2 2 2 0 0 0 2 3 0 0 0 0 0 0 0 0 3 0 0 0 3 0 0 0 3 0 3 0 0 0 0 0 0 0 0 0 0 0 2
0 0 0 0 0 0 0 0 0 3 0 0 0 0 2 0 0 0 0 0 0 0 0 0 1 0 0 0 0 0 0 0 1 0 0 0 0 0 0 0 0 0 2 0 2 0 0 0 0 1 0 0 0 0 0 0 0 0 0 0 0 0 0 4 0 0 0 0 0 0 3 2 0 1 0 0 0 1 0 0 0 0 0 0 0 0 1 0 3 1 0 0 0 0 0 0 0 0 0 0 3 0 0 0 0 0 1 0 0 0 0 1 0 0 0 0 0 2 0 0 0 0 0 0 1 0 0 0 1 0 3 1 0 0 0 0 0 0 0 0 0 0 0 0 2 0 0 0 0 0 2 0 0 0 0 0 0 2 0 0 0 0 0 0 0 0 1 0 0 0 1 0 0 0 0 0 0 0 2 0 0 0 0 0 0 0 0 0 3 0 0 0 3 0 0 0 0 2 0 0 0 0 0 0 0 0 0 0 0 0 0 0 0 0 0 0 0 0 0 0 0 0 0 0 0 0 0 0 2 0 0 0 0 0 0 1 2 0 2 0 0 0 0 0 3 0 0 0 0 0 0 0 3 0 2 0
0 0 0 0 0 0 1 0 2 0 0 0 0 0 0 0 0 0 0 0 0 0 0 0 0 0 0 0 0 0 0 0 0 0 0 0 0 0 0 7 0 0 0 5 0 0 0 6 7 0 0 0 0 0 0 0 0 2 0 0 0 0 0 0 0 1 0 0 0 0 0 0 0 0 7 0 0 0 0 10 0 0 0 0 0 0 0 0 0 0 0 0 0 0 7 0 0 0 0 0 0 0 0 5 0 0 0 6 0 0 5 0 0 8 0 0 0 0 0 0 0 0 0 0 0 2 5 1 0 0 0 0 0 0 0 0 0 0 1 0 0 0 0 2 0 0 0 0 0 0 0 0 2 0 0 0 0 0 0 0 0 0 0 2 0 0 0 0 0 8 0 9 0 0 0 0 4 0 0 0 0 0 0 0 0 6 0 0 0 0 0 0 0 0 0 0 9 0 0 1 0 0 0 0 0 0 0 0 9 0 5 0 0 7 0 0 0 5 4 4 0 0 0 3 6 0 0 0 0 0 0 0 0 6 0 0 0 6 0 0 0 6 0 5 0 0 0 0 0 0 0 0 0 0 0 4
0 0 0 0 0 0 1 0 2 0 0 0 0 0 0 0 0 0 0 0 0 0 0 0 0 0 0 0 0 0 0 0 0 0 0 0 0 0 0 5 0 0 0 4 0 0 0 5 6 0 0 0 0 0 0 0 0 2 0 0 0 0 0 0 0 1 0 0 0 0 0 0 0 0 6 0 0 0 0 8 0 0 0 0 0 0 0 0 0 0 0 0 0 0 5 0 0 0 0 0 0 0 0 4 0 0 0 5 0 0 4 0 0 6 0 0 0 0 0 0 0 0 0 0 0 1 4 0 0 0 0 0 0 0 0 0 0 0 1 0 0 0 0 1 0 0 0 0 0 0 0 0 2 0 0 0 0 0 0 0 0 0 0 2 0 0 0 0 0 6 0 7 0 0 0 0 3 0 0 0 0 0 0 0 0 5 0 0 0 0 0 0 0 0 0 0 7 0 0 0 0 0 0 0 0 0 0 0 7 0 4 0 0 6 0 0 0 4 3 3 0 0 0 2 5 0 0 0 0 0 0 0 0 4 0 0 0 5 0 0 0 4 0 5 0 0 0 0 0 0 0 0 0 0 0 3
0 0 0 0 0 0 0 0 0 24 0 0 0 0 20 0 0 0 0 0 0 0 0 0 5 0 0 0 0 0 0 0 10 0 0 0 0 0 0 0 0 0 15 0 16 0 0 0 0 12 0 0 0 0 0 0 0 0 0 0 0 0 0 30 0 0 0 0 0 0 21 13 0 11 0 0 0 13 0 0 0 0 3 3 0 0 10 0 21 10 0 0 0 0 0 0 0 0 0 0 22 0 4 0 0 0 9 0 0 0 0 3 0 0 2 0 0 17 0 0 0 0 0 0 13 0 0 0 13 0 23 10 0 0 0 0 0 0 0 0 0 0 0 0 13 0 0 0 0 0 13 0 0 0 0 0 0 17 1 0 1 0 0 0 0 0 14 0 0 0 13 0 0 0 0 0 0 0 14 0 0 0 0 0 0 0 0 0 21 0 0 0 21 0 0 0 0 19 6 0 0 0 0 0 0 0 0 0 0 0 0 0 0 0 0 0 0 0 0 0 0 0 0 0 0 0 0 0 14 0 0 0 0 0 0 13 16 0 16 0 0 0 0 0 21 0 0 0 0 0 5 1 22 0 19 0
0 0 0 0 0 0 1 0 3 0 0 0 0 0 0 0 0 0 0 0 0 0 0 0 0 0 0 0 0 0 0 0 0 0 0 0 0 0 0 9 0 0 0 7 0 0 0 8 11 0 0 0 0 0 0 0 0 3 0 0 0 0 0 0 0 1 0 0 0 0 0 0 0 0 11 0 0 0 0 14 0 0 0 0 0 0 0 0 0 0 0 0 0 0 10 0 0 0 0 0 0 0 0 7 0 0 0 8 0 0 8 0 0 11 0 0 0 0 0 0 0 0 0 0 0 2 7 1 0 0 0 0 0 0 0 0 0 0 2 0 0 0 0 2 0 0 0 0 0 0 0 0 2 0 0 0 0 0 0 0 0 0 0 3 0 0 0 0 0 11 0 12 0 0 0 0 6 0 0 0 0 0 0 0 0 9 0 0 0 0 0 0 0 0 0 0 13 0 0 1 0 0 0 0 0 0 0 0 12 0 7 0 0 10 0 0 0 7 5 5 0 0 0 4 8 0 0 0 0 0 0 0 0 8 0 0 0 9 0 0 0 7 0 8 0 0 0 0 0 0 0 0 0 0 0 5
0 0 0 0 0 0 0 0 0 16 0 0 0 0 13 0 0 0 0 0 0 0 0 0 4 0 0 0 0 0 0 0 7 0 0 0 0 0 0 0 0 0 11 0 11 0 0 0 0 9 0 0 0 0 0 0 0 0 0 0 0 0 0 20 0 0 0 0 0 0 15 9 0 7 0 0 0 9 0 0 0 0 2 2 0 0 6 0 15 7 0 0 0 0 0 0 0 0 0 0 15 0 2 0 0 0 6 0 0 0 0 2 0 0 1 0 0 12 0 0 0 0 0 0 9 0 0 0 9 0 16 7 0 0 0 0 0 0 0 0 0 0 0 0 9 0 0 0 0 0 9 0 0 0 0 0 0 11 1 0 1 0 0 0 0 0 9 0 0 0 9 0 0 0 0 0 0 0 10 0 0 0 0 0 0 0 0 0 14 0 0 0 14 0 0 0 0 13 4 0 0 0 0 0 0 0 0 0 0 0 0 0 0 0 0 0 0 0 0 0 0 0 0 0 0 0 0 0 10 0 0 0 0 0 0 9 11 0 11 0 0 0 0 0 15 0 0 0 0 0 3 1 15 0 13 0
0 0 0 0 0 0 0 0 0 30 0 0 0 0 24 0 0 0 0 0 0 0 0 0 6 0 0 0 0 0 0 0 13 0 0 0 0 0 0 0 0 0 20 0 21 0 0 0 0 16 0 0 0 0 0 0 0 0 0 0 0 0 0 37 0 0 0 0 0 0 27 17 0 14 0 0 0 16 0 0 0 0 3 3 0 0 12 0 26 13 0 0 0 0 0 0 0 0 0 0 27 0 5 0 0 0 11 0 0 0 0 4 0 0 3 0 0 21 0 0 0 0 0 0 16 0 0 0 16 0 28 12 0 0 0 0 0 0 0 0 0 0 0 0 16 0 0 0 0 0 17 0 0 0 0 0 0 21 2 0 2 0 0 0 0 0 17 0 0 0 16 0 0 0 0 0 0 0 17 0 0 0 0 0 0 0 0 0 26 0 0 0 27 0 0 0 0 24 8 0 0 0 0 0 0 0 0 0 0 0 0 0 0 0 0 0 0 0 0 0 0 0 0 0 0 0 0 0 18 0 0 0 0 0 0 16 20 0 20 0 0 0 0 0 26 0 0 0 0 0 6 2 27 0 24 0
0 0 0 0 0 0 0 0 0 29 0 0 0 0 24 0 0 0 0 0 0 0 0 0 6 0 0 0 0 0 0 0 12 0 0 0 0 0 0 0 0 0 19 0 20 0 0 0 0 15 0 0 0 0 0 0 0 0 0 0 0 0 0 36 0 0 0 0 0 0 26 16 0 13 0 0 0 15 0 0 0 0 3 3 0 0 12 0 26 12 0 0 0 0 0 0 0 0 0 0 26 0 4 0 0 0 11 0 0 0 0 4 0 0 3 0 0 21 0 0 0 0 0 0 16 0 0 0 15 0 28 12 0 0 0 0 0 0 0 0 0 0 0 0 15 0 0 0 0 0 16 0 0 0 0 0 0 21 2 0 2 0 0 0 0 0 16 0 0 0 16 0 0 0 0 0 0 0 17 0 0 0 0 0 0 0 0 0 26 0 0 0 26 0 0 0 0 23 8 0 0 0 0 0 0 0 0 0 0 0 0 0 0 0 0 0 0 0 0 0 0 0 0 0 0 0 0 0 17 0 0 0 0 0 0 16 19 0 20 0 0 0 0 0 26 0 0 0 0 0 6 2 26 0 23 0
0 0 0 0 0 0 1 0 3 0 0 0 0 0 0 0 0 0 0 0 0 0 0 0 0 0 0 0 0 0 0 0 0 0 0 0 0 0 0 9 0 0 0 8 0 0 0 8 11 0 0 0 0 0 0 0 0 3 0 0 0 0 0 0 0 1 0 0 0 0 0 0 0 0 11 0 0 0 0 14 0 0 0 0 0 0 0 0 0 0 0 0 0 0 10 0 0 0 0 0 0 0 0 7 0 0 0 8 0 0 8 0 0 11 0 0 0 0 0 0 0 0 0 0 0 2 7 1 0 0 0 0 0 0 0 0 0 0 2 0 0 0 0 2 0 0 0 0 0 0 0 0 2 0 0 0 0 0 0 0 0 0 0 3 0 0 0 0 0 11 0 13 0 0 0 0 6 0 0 0 0 0 0 0 0 9 0 0 0 0 0 0 0 0 0 0 13 0 0 1 0 0 0 0 0 0 0 0 12 0 7 0 0 11 0 0 0 7 5 5 0 0 0 4 8 0 0 0 0 0 0 0 0 8 0 0 0 9 0 0 0 8 0 8 0 0 0 0 0 0 0 0 0 0 0 5
0 0 0 0 0 0 1 0 2 0 0 0 0 0 0 0 0 0 0 0 0 0 0 0 0 0 0 0 0 0 0 0 0 0 0 0 0 0 0 5 0 0 0 5 0 0 0 5 6 0 0 0 0 0 0 0 0 2 0 0 0 0 0 0 0 1 0 0 0 0 0 0 0 0 6 0 0 0 0 8 0 0 0 0 0 0 0 0 0 0 0 0 0 0 6 0 0 0 0 0 0 0 0 4 0 0 0 5 0 0 5 0 0 6 0 0 0 0 0 0 0 0 0 0 0 1 4 0 0 0 0 0 0 0 0 0 0 0 1 0 0 0 0 1 0 0 0 0 0 0 0 0 1 0 0 0 0 0 0 0 0 0 0 2 0 0 0 0 0 6 0 7 0 0 0 0 3 0 0 0 0 0 0 0 0 5 0 0 0 0 0 0 0 0 0 0 7 0 0 1 0 0 0 0 0 0 0 0 7 0 4 0 0 6 0 0 0 4 3 3 0 0 0 2 5 0 0 0 0 0 0 0 0 5 0 0 0 5 0 0 0 4 0 5 0 0 0 0 0 0 0 0 0 0 0 3
0 0 0 0 0 0 1 0 3 0 0 0 0 0 0 0 0 0 0 0 0 0 0 0 0 0 0 0 0 0 0 0 0 0 0 0 0 0 0 9 0 0 0 8 0 0 0 8 11 0 0 0 0 0 0 0 0 3 0 0 0 0 0 0 0 1 0 0 0 0 0 0 0 0 11 0 0 0 0 14 0 0 0 0 0 0 0 0 0 0 0 0 0 0 10 0 0 0 0 0 0 0 0 7 0 0 0 8 0 0 8 0 0 11 0 0 0 0 0 0 0 0 0 0 0 2 7 1 0 0 0 0 0 0 0 0 0 0 2 0 0 0 0 2 0 0 0 0 0 0 0 0 2 0 0 0 0 0 0 0 0 0 0 3 0 0 0 0 0 11 0 12 0 0 0 0 6 0 0 0 0 0 0 0 0 9 0 0 0 0 0 0 0 0 0 0 13 0 0 1 0 0 0 0 0 0 0 0 12 0 7 0 0 11 0 0 0 7 5 5 0 0 0 4 8 0 0 0 0 0 0 0 0 8 0 0 0 9 0 0 0 8 0 8 0 0 0 0 0 0 0 0 0 0 0 5
0 0 0 0 0 0 0 0 0 2 0 0 0 0 1 0 0 0 0 0 0 0 0 0 0 0 0 0 0 0 0 0 0 0 0 0 0 0 0 0 0 0 1 0 1 0 0 0 0 1 0 0 0 0 0 0 0 0 0 0 0 0 0 3 0 0 0 0 0 0 2 1 0 0 0 0 0 1 0 1 0 0 0 0 0 0 0 0 2 0 0 0 0 0 0 0 0 0 0 0 1 0 0 0 0 0 0 0 0 0 0 0 0 0 0 0 0 2 0 0 0 0 0 0 0 0 0 0 1 0 2 0 0 0 0 0 0 0 0 0 0 0 0 0 1 0 0 0 0 0 1 0 0 0 0 0 0 1 0 0 0 0 0 0 0 0 0 0 0 0 0 0 0 0 0 0 0 0 1 0 0 0 0 0 0 0 0 0 1 0 0 0 1 0 0 0 0 1 0 0 0 0 0 0 0 0 0 0 0 0 0 0 0 0 0 0 0 0 0 0 0 0 0 0 0 0 0 0 1 0 0 0 0 0 0 0 1 0 1 0 0 0 0 0 1 0 0 0 0 0 0 0 1 0 1 0
0 0 0 0 0 0 0 0 0 24 0 0 0 0 20 0 0 0 0 0 0 0 0 0 5 0 0 0 0 0 0 0 10 0 0 0 0 0 0 0 0 0 16 0 17 0 0 0 0 12 0 0 0 0 0 0 0 0 0 0 0 0 0 30 0 0 0 0 0 0 22 14 0 11 0 0 0 13 0 0 0 0 3 3 0 0 10 0 21 10 0 0 0 0 0 0 0 0 0 0 22 0 4 0 0 0 9 0 0 0 0 3 0 0 2 0 0 17 0 0 0 0 0 0 13 0 0 0 12 0 23 10 0 0 0 0 0 0 0 0 0 0 0 0 13 0 0 0 0 0 14 0 0 0 0 0 0 17 1 0 1 0 0 0 0 0 14 0 0 0 13 0 0 0 0 0 0 0 14 0 0 0 0 0 0 0 0 0 21 0 0 0 21 0 0 0 0 19 7 0 0 0 0 0 0 0 0 0 0 0 0 0 0 0 0 0 0 0 0 0 0 0 0 0 0 0 0 0 14 0 0 0 0 0 0 13 16 0 16 0 0 0 0 0 21 0 0 0 0 0 5 1 22 0 19 0
0 0 0 0 0 0 0 0 0 18 0 0 0 0 15 0 0 0 0 0 0 0 0 0 4 0 0 0 0 0 0 0 8 0 0 0 0 0 0 0 0 0 12 0 13 0 0 0 0 10 0 0 0 0 0 0 0 0 0 0 0 0 0 23 0 0 0 0 0 0 16 10 0 8 0 0 0 10 0 0 0 0 2 2 0 0 8 0 16 8 0 0 0 0 0 0 0 0 0 0 17 0 3 0 0 0 7 0 0 0 0 3 0 0 2 0 0 13 0 0 0 0 0 0 10 0 0 0 10 0 18 8 0 0 0 0 0 0 0 0 0 0 0 0 10 0 0 0 0 0 10 0 0 0 0 0 0 13 1 0 1 0 0 0 0 0 11 0 0 0 10 0 0 0 0 0 0 0 11 0 0 0 0 0 0 0 0 0 16 0 0 0 16 0 0 0 0 15 5 0 0 0 0 0 0 0 0 0 0 0 0 0 0 0 0 0 0 0 0 0 0 0 0 0 0 0 0 0 11 0 0 0 0 0 0 10 12 0 13 0 0 0 0 0 16 0 0 0 0 0 4 1 17 0 15 0
0 0 0 0 0 0 1 0 3 0 0 0 0 0 0 0 0 0 0 0 0 0 0 0 0 0 0 0 0 0 0 0 0 0 0 0 0 0 0 9 0 0 0 8 0 0 0 8 11 0 0 0 0 0 0 0 0 3 0 0 0 0 0 0 0 1 0 0 0 0 0 0 0 0 11 0 0 0 0 14 0 0 0 0 0 0 0 0 0 0 0 0 0 0 10 0 0 0 0 0 0 0 0 7 0 0 0 8 0 0 8 0 0 11 0 0 0 0 0 0 0 0 0 0 0 2 7 1 0 0 0 0 0 0 0 0 0 0 2 0 0 0 0 2 0 0 0 0 0 0 0 0 2 0 0 0 0 0 0 0 0 0 0 3 0 0 0 0 0 11 0 13 0 0 0 0 6 0 0 0 0 0 0 0 0 9 0 0 0 0 0 0 0 0 0 0 13 0 0 1 0 0 0 0 0 0 0 0 12 0 7 0 0 11 0 0 0 7 5 5 0 0 0 4 8 0 0 0 0 0 0 0 0 8 0 0 0 9 0 0 0 8 0 8 0 0 0 0 0 0 0 0 0 0 0 5
0 0 0 0 0 0 0 0 0 23 0 0 0 0 19 0 0 0 0 0 0 0 0 0 5 0 0 0 0 0 0 0 10 0 0 0 0 0 0 0 0 0 15 0 16 0 0 0 0 12 0 0 0 0 0 0 0 0 0 0 0 0 0 29 0 0 0 0 0 0 21 13 0 11 0 0 0 12 0 0 0 0 3 3 0 0 9 0 20 10 0 0 0 0 0 0 0 0 0 0 21 0 3 0 0 0 9 0 0 0 0 3 0 0 2 0 0 17 0 0 0 0 0 0 13 0 0 0 12 0 22 10 0 0 0 0 0 0 0 0 0 0 0 0 12 0 0 0 0 0 13 0 0 0 0 0 0 17 2 0 1 0 0 0 0 0 13 0 0 0 13 0 0 0 0 0 0 0 13 0 0 0 0 0 0 0 0 0 20 0 0 0 21 0 0 0 0 18 6 0 0 0 0 0 0 0 0 0 0 0 0 0 0 0 0 0 0 0 0 0 0 0 0 0 0 0 0 0 14 0 0 0 0 0 0 13 15 0 16 0 0 0 0 0 21 0 0 0 0 0 5 1 21 0 18 0
0 0 0 0 0 0 1 0 2 0 0 0 0 0 0 0 0 0 0 0 0 0 0 0 0 0 0 0 0 0 0 0 0 0 0 0 0 0 0 8 0 0 0 7 0 0 0 7 9 0 0 0 0 0 0 0 0 2 0 0 0 0 0 0 0 1 0 0 0 0 0 0 0 0 9 0 0 0 0 12 0 0 0 0 0 0 0 0 0 0 0 0 0 0 8 0 0 0 0 0 0 0 0 6 0 0 0 7 0 0 7 0 0 9 0 0 0 0 0 0 0 0 0 0 0 2 6 1 0 0 0 0 0 0 0 0 0 0 2 0 0 0 0 2 0 0 0 0 0 0 0 0 2 0 0 0 0 0 0 0 0 0 0 3 0 0 0 0 0 9 0 11 0 0 0 0 5 0 0 0 0 0 0 0 0 8 0 0 0 0 0 0 0 0 0 0 11 0 0 1 0 0 0 0 0 0 0 0 10 0 6 0 0 9 0 0 0 6 4 4 0 0 0 4 7 0 0 0 0 0 0 0 0 7 0 0 0 8 0 0 0 7 0 7 0 0 0 0 0 0 0 0 0 0 0 4
0 0 0 0 0 0 0 0 0 17 0 0 0 0 14 0 0 0 0 0 0 0 0 0 4 0 0 0 0 0 0 0 7 0 0 0 0 0 0 0 0 0 11 0 12 0 0 0 0 9 0 0 0 0 0 0 0 0 0 0 0 0 0 21 0 0 0 0 0 0 15 10 0 8 0 0 0 9 0 0 0 0 2 2 0 0 7 0 15 7 0 0 0 0 0 0 0 0 0 0 16 0 3 0 0 0 7 0 0 0 0 2 0 0 2 0 0 12 0 0 0 0 0 0 9 0 0 0 9 0 16 7 0 0 0 0 0 0 0 0 0 0 0 0 9 0 0 0 0 0 10 0 0 0 0 0 0 12 1 0 1 0 0 0 0 0 10 0 0 0 9 0 0 0 0 0 0 0 10 0 0 0 0 0 0 0 0 0 15 0 0 0 15 0 0 0 0 14 5 0 0 0 0 0 0 0 0 0 0 0 0 0 0 0 0 0 0 0 0 0 0 0 0 0 0 0 0 0 10 0 0 0 0 0 0 9 11 0 12 0 0 0 0 0 15 0 0 0 0 0 4 1 16 0 14 0
0 0 0 0 0 0 1 0 3 0 0 0 0 0 0 0 0 0 0 0 0 0 0 0 0 0 0 0 0 0 0 0 0 0 0 0 0 0 0 8 0 0 0 7 0 0 0 7 10 0 0 0 0 0 0 0 0 2 0 0 0 0 0 0 0 1 0 0 0 0 0 0 0 0 10 0 0 0 0 13 0 0 0 0 0 0 0 0 0 0 0 0 0 0 9 0 0 0 0 0 0 0 0 6 0 0 0 8 0 0 7 0 0 10 0 0 0 0 0 0 0 0 0 0 0 2 6 1 0 0 0 0 0 0 0 0 0 0 2 0 0 0 0 2 0 0 0 0 0 0 0 0 2 0 0 0 0 0 0 0 0 0 0 3 0 0 0 0 0 10 0 11 0 0 0 0 5 0 0 0 0 0 0 0 0 8 0 0 0 0 0 0 0 0 0 0 12 0 0 1 0 0 0 0 0 0 0 0 11 0 6 0 0 10 0 0 0 6 5 5 0 0 0 4 8 0 0 0 0 0 0 0 0 7 0 0 0 8 0 0 0 7 0 7 0 0 0 0 0 0 0 0 0 0 0 5
0 0 0 0 0 0 0 0 0 26 0 0 0 0 21 0 0 0 0 0 0 0 0 0 5 0 0 0 0 0 0 0 11 0 0 0 0 0 0 0 0 0 17 0 18 0 0 0 0 13 0 0 0 0 0 0 0 0 0 0 0 0 0 32 0 0 0 0 0 0 23 14 0 12 0 0 0 14 0 0 0 0 3 3 0 0 10 0 23 11 0 0 0 0 0 0 0 0 0 0 24 0 4 0 0 0 10 0 0 0 0 4 0 0 2 0 0 18 0 0 0 0 0 0 14 0 0 0 14 0 25 11 0 0 0 0 0 0 0 0 0 0 0 0 13 0 0 0 0 0 14 0 0 0 0 0 0 18 2 0 2 0 0 0 0 0 15 0 0 0 14 0 0 0 0 0 0 0 15 0 0 0 0 0 0 0 0 0 23 0 0 0 23 0 0 0 0 20 7 0 0 0 0 0 0 0 0 0 0 0 0 0 0 0 0 0 0 0 0 0 0 0 0 0 0 0 0 0 15 0 0 0 0 0 0 14 17 0 18 0 0 0 0 0 23 0 0 0 0 0 5 1 23 0 21 0
0 0 0 0 0 0 0 0 0 0 0 0 0 0 0 0 0 0 0 0 0 0 0 0 0 0 0 0 0 0 0 0 0 0 0 0 0 0 0 0 0 0 0 0 0 0 0 0 0 0 0 0 0 0 0 0 0 0 0 0 0 0 0 0 0 0 0 0 0 0 0 0 0 0 0 0 0 0 0 0 0 0 0 0 0 0 0 0 0 0 0 0 0 0 0 0 0 0 0 0 0 0 0 0 0 0 0 0 0 0 0 0 0 0 0 0 0 0 0 0 0 0 0 0 0 0 0 0 0 0 0 0 0 0 0 0 0 0 0 0 0 0 0 0 0 0 0 0 0 0 0 0 0 0 0 0 0 0 0 0 0 0 0 0 0 0 0 0 0 0 0 0 0 0 0 0 0 0 0 0 0 0 0 0 0 0 0 0 0 0 0 0 0 0 0 0 0 0 0 0 0 0 0 0 0 0 0 0 0 0 0 0 0 0 0 0 0 0 0 0 0 0 0 0 0 0 0 0 0 0 0 0 0 0 0 0 0 0 0 0 0 0 0 0 0 0 0 0 0 0 0 0 0 0 0 0
0 0 0 0 0 0 0 0 0 19 0 0 0 0 15 0 0 0 0 0 0 0 0 0 4 0 0 0 0 0 0 0 8 0 0 0 0 0 0 0 0 0 12 0 13 0 0 0 0 10 0 0 0 0 0 0 0 0 0 0 0 0 0 23 0 0 0 0 0 0 17 11 0 9 0 0 0 10 0 0 0 0 2 2 0 0 7 0 17 8 0 0 0 0 0 0 0 0 0 0 17 0 3 0 0 0 7 0 0 0 0 3 0 0 2 0 0 14 0 0 0 0 0 0 10 0 0 0 10 0 18 8 0 0 0 0 0 0 0 0 0 0 0 0 10 0 0 0 0 0 11 0 0 0 0 0 0 13 1 0 1 0 0 0 0 0 11 0 0 0 10 0 0 0 0 0 0 0 11 0 0 0 0 0 0 0 0 0 17 0 0 0 17 0 0 0 0 15 5 0 0 0 0 0 0 0 0 0 0 0 0 0 0 0 0 0 0 0 0 0 0 0 0 0 0 0 0 0 11 0 0 0 0 0 0 10 12 0 13 0 0 0 0 0 17 0 0 0 0 0 4 1 17 0 15 0
0 0 0 0 0 0 1 0 1 0 0 0 0 0 0 0 0 0 0 0 0 0 0 0 0 0 0 0 0 0 0 0 0 0 0 0 0 0 0 4 0 0 0 3 0 0 0 4 5 0 0 0 0 0 0 0 0 1 0 0 0 0 0 0 0 0 0 0 0 0 0 0 0 0 5 0 0 0 0 6 0 0 0 0 0 0 0 0 0 0 0 0 0 0 4 0 0 0 0 0 0 0 0 3 0 0 0 4 0 0 4 0 0 5 0 0 0 0 0 0 0 0 0 0 0 1 3 0 0 0 0 0 0 0 0 0 0 0 1 0 0 0 0 1 0 0 0 0 0 0 0 0 1 0 0 0 0 0 0 0 0 0 0 2 0 0 0 0 0 5 0 6 0 0 0 0 3 0 0 0 0 0 0 0 0 4 0 0 0 0 0 0 0 0 0 0 6 0 0 0 0 0 0 0 0 0 0 0 6 0 3 0 0 5 0 0 0 3 2 2 0 0 0 2 4 0 0 0 0 0 0 0 0 4 0 0 0 4 0 0 0 4 0 3 0 0 0 0 0 0 0 0 0 0 0 2
0 0 0 0 0 0 0 0 0 30 0 0 0 0 25 0 0 0 0 0 0 0 0 0 6 0 0 0 0 0 0 0 13 0 0 0 0 0 0 0 0 0 20 0 21 0 0 0 0 16 0 0 0 0 0 0 0 0 0 0 0 0 0 38 0 0 0 0 0 0 27 17 0 14 0 0 0 16 0 0 0 0 3 4 0 0 12 0 27 13 0 0 0 0 0 0 0 0 0 0 28 0 5 0 0 0 12 0 0 0 0 4 0 0 3 0 0 22 0 0 0 0 0 0 17 0 0 0 16 0 29 13 0 0 0 0 0 0 0 0 0 0 0 0 16 0 0 0 0 0 17 0 0 0 0 0 0 21 2 0 2 0 0 0 0 0 17 0 0 0 16 0 0 0 0 0 0 0 17 0 0 0 0 0 0 0 0 0 26 0 0 0 27 0 0 0 0 24 8 0 0 0 0 0 0 0 0 0 0 0 0 0 0 0 0 0 0 0 0 0 0 0 0 0 0 0 0 0 18 0 0 0 0 0 0 16 20 0 20 0 0 0 0 0 27 0 0 0 0 0 6 2 27 0 24 0
0 0 0 0 0 0 0 0 0 17 0 0 0 0 14 0 0 0 0 0 0 0 0 0 4 0 0 0 0 0 0 0 7 0 0 0 0 0 0 0 0 0 11 0 12 0 0 0 0 9 0 0 0 0 0 0 0 0 0 0 0 0 0 21 0 0 0 0 0 0 15 10 0 8 0 0 0 9 0 0 0 0 2 2 0 0 7 0 15 7 0 0 0 0 0 0 0 0 0 0 15 0 3 0 0 0 7 0 0 0 0 2 0 0 2 0 0 12 0 0 0 0 0 0 9 0 0 0 9 0 16 7 0 0 0 0 0 0 0 0 0 0 0 0 9 0 0 0 0 0 10 0 0 0 0 0 0 12 1 0 1 0 0 0 0 0 10 0 0 0 9 0 0 0 0 0 0 0 10 0 0 0 0 0 0 0 0 0 15 0 0 0 15 0 0 0 0 13 5 0 0 0 0 0 0 0 0 0 0 0 0 0 0 0 0 0 0 0 0 0 0 0 0 0 0 0 0 0 10 0 0 0 0 0 0 9 11 0 12 0 0 0 0 0 15 0 0 0 0 0 3 1 15 0 14 0
0 0 0 0 0 0 0 0 0 33 0 0 0 0 27 0 0 0 0 0 0 0 0 0 6 0 0 0 0 0 0 0 14 0 0 0 0 0 0 0 0 0 22 0 23 0 0 0 0 17 0 0 0 0 0 0 0 0 0 0 0 0 0 41 0 0 0 0 0 0 29 18 0 15 0 0 0 17 0 0 0 0 3 3 0 0 13 0 29 13 0 0 0 0 0 0 0 0 0 0 30 0 5 0 0 0 13 0 0 0 0 5 0 0 4 0 0 24 0 0 0 0 0 0 18 0 0 0 17 0 31 13 0 0 0 0 0 0 0 0 0 0 0 0 17 0 0 0 0 0 18 0 0 0 0 0 0 23 2 0 2 0 0 0 0 0 19 0 0 0 18 0 0 0 0 0 0 0 19 0 0 0 0 0 0 0 0 0 29 0 0 0 30 0 0 0 0 26 9 0 0 0 0 0 0 0 0 0 0 0 0 0 0 0 0 0 0 0 0 0 0 0 0 0 0 0 0 0 20 0 0 0 0 0 0 18 22 0 23 0 0 0 0 0 29 0 0 0 0 0 7 2 30 0 26 0
0 0 0 0 0 0 0 0 0 18 0 0 0 0 15 0 0 0 0 0 0 0 0 0 4 0 0 0 0 0 0 0 8 0 0 0 0 0 0 0 0 0 12 0 13 0 0 0 0 10 0 0 0 0 0 0 0 0 0 0 0 0 0 23 0 0 0 0 0 0 16 10 0 8 0 0 0 10 0 0 0 0 2 2 0 0 7 0 16 8 0 0 0 0 0 0 0 0 0 0 17 0 3 0 0 0 7 0 0 0 0 3 0 0 2 0 0 13 0 0 0 0 0 0 10 0 0 0 10 0 18 8 0 0 0 0 0 0 0 0 0 0 0 0 10 0 0 0 0 0 10 0 0 0 0 0 0 13 1 0 1 0 0 0 0 0 10 0 0 0 10 0 0 0 0 0 0 0 11 0 0 0 0 0 0 0 0 0 16 0 0 0 16 0 0 0 0 14 5 0 0 0 0 0 0 0 0 0 0 0 0 0 0 0 0 0 0 0 0 0 0 0 0 0 0 0 0 0 11 0 0 0 0 0 0 10 12 0 12 0 0 0 0 0 16 0 0 0 0 0 4 1 17 0 15 0
0 0 0 0 0 0 0 0 0 25 0 0 0 0 21 0 0 0 0 0 0 0 0 0 5 0 0 0 0 0 0 0 11 0 0 0 0 0 0 0 0 0 17 0 18 0 0 0 0 13 0 0 0 0 0 0 0 0 0 0 0 0 0 32 0 0 0 0 0 0 23 14 0 11 0 0 0 14 0 0 0 0 3 3 0 0 10 0 23 10 0 0 0 0 0 0 0 0 0 0 23 0 4 0 0 0 10 0 0 0 0 4 0 0 3 0 0 19 0 0 0 0 0 0 14 0 0 0 13 0 25 11 0 0 0 0 0 0 0 0 0 0 0 0 14 0 0 0 0 0 15 0 0 0 0 0 0 18 2 0 1 0 0 0 0 0 15 0 0 0 14 0 0 0 0 0 0 0 15 0 0 0 0 0 0 0 0 0 22 0 0 0 23 0 0 0 0 20 7 0 0 0 0 0 0 0 0 0 0 0 0 0 0 0 0 0 0 0 0 0 0 0 0 0 0 0 0 0 15 0 0 0 0 0 0 14 17 0 17 0 0 0 0 0 23 0 0 0 0 0 5 1 23 0 20 0
0 0 0 0 0 0 1 0 3 0 0 0 0 0 0 0 0 0 0 0 0 0 0 0 0 0 0 0 0 0 0 0 0 0 0 0 0 0 0 9 0 0 0 8 0 0 0 8 11 0 0 0 0 0 0 0 0 3 0 0 0 0 0 0 0 1 0 0 0 0 0 0 0 0 11 0 0 0 0 14 0 0 0 0 0 0 0 0 0 0 0 0 0 0 10 0 0 0 0 0 0 0 0 7 0 0 0 8 0 0 8 0 0 11 0 0 0 0 0 0 0 0 0 0 0 2 7 1 0 0 0 0 0 0 0 0 0 0 2 0 0 0 0 2 0 0 0 0 0 0 0 0 2 0 0 0 0 0 0 0 0 0 0 3 0 0 0 0 0 11 0 13 0 0 0 0 6 0 0 0 0 0 0 0 0 9 0 0 0 0 0 0 0 0 0 0 13 0 0 1 0 0 0 0 0 0 0 0 12 0 7 0 0 11 0 0 0 7 5 5 0 0 0 4 8 0 0 0 0 0 0 0 0 8 0 0 0 9 0 0 0 8 0 8 0 0 0 0 0 0 0 0 0 0 0 5
0 0 0 0 0 0 0 0 0 17 0 0 0 0 14 0 0 0 0 0 0 0 0 0 4 0 0 0 0 0 0 0 7 0 0 0 0 0 0 0 0 0 11 0 12 0 0 0 0 9 0 0 0 0 0 0 0 0 0 0 0 0 0 21 0 0 0 0 0 0 15 9 0 8 0 0 0 9 0 0 0 0 2 2 0 0 7 0 15 7 0 0 0 0 0 0 0 0 0 0 15 0 3 0 0 0 6 0 0 0 0 2 0 0 2 0 0 12 0 0 0 0 0 0 9 0 0 0 9 0 16 7 0 0 0 0 0 0 0 0 0 0 0 0 9 0 0 0 0 0 9 0 0 0 0 0 0 12 1 0 1 0 0 0 0 0 10 0 0 0 9 0 0 0 0 0 0 0 10 0 0 0 0 0 0 0 0 0 15 0 0 0 15 0 0 0 0 13 5 0 0 0 0 0 0 0 0 0 0 0 0 0 0 0 0 0 0 0 0 0 0 0 0 0 0 0 0 0 10 0 0 0 0 0 0 9 11 0 11 0 0 0 0 0 15 0 0 0 0 0 3 1 15 0 13 0
0 0 0 0 0 0 1 0 3 0 0 0 0 0 0 0 0 0 0 0 0 0 0 0 0 0 0 0 0 0 0 0 0 0 0 0 0 0 0 8 0 0 0 7 0 0 0 7 10 0 0 0 0 0 0 0 0 2 0 0 0 0 0 0 0 1 0 0 0 0 0 0 0 0 10 0 0 0 0 12 0 0 0 0 0 0 0 0 0 0 0 0 0 0 9 0 0 0 0 0 0 0 0 6 0 0 0 7 0 0 7 0 0 10 0 0 0 0 0 0 0 0 0 0 0 2 6 1 0 0 0 0 0 0 0 0 0 0 2 0 0 0 0 2 0 0 0 0 0 0 0 0 2 0 0 0 0 0 0 0 0 0 0 3 0 0 0 0 0 10 0 11 0 0 0 0 5 0 0 0 0 0 0 0 0 8 0 0 0 0 0 0 0 0 0 0 12 0 0 1 0 0 0 0 0 0 0 0 11 0 6 0 0 10 0 0 0 6 5 5 0 0 0 4 7 0 0 0 0 0 0 0 0 7 0 0 0 8 0 0 0 7 0 7 0 0 0 0 0 0 0 0 0 0 0 5
0 0 0 0 0 0 0 0 0 13 0 0 0 0 11 0 0 0 0 0 0 0 0 0 3 0 0 0 0 0 0 0 6 0 0 0 0 0 0 0 0 0 9 0 9 0 0 0 0 7 0 0 0 0 0 0 0 0 0 0 0 0 0 17 0 0 0 0 0 0 12 8 0 6 0 0 0 7 0 0 0 0 1 2 0 0 5 0 12 6 0 0 0 0 0 0 0 0 0 0 12 0 2 0 0 0 5 0 0 0 0 2 0 0 1 0 0 10 0 0 0 0 0 0 7 0 0 0 7 0 13 6 0 0 0 0 0 0 0 0 0 0 0 0 7 0 0 0 0 0 8 0 0 0 0 0 0 10 1 0 1 0 0 0 0 0 8 0 0 0 7 0 0 0 0 0 0 0 8 0 0 0 0 0 0 0 0 0 12 0 0 0 12 0 0 0 0 11 4 0 0 0 0 0 0 0 0 0 0 0 0 0 0 0 0 0 0 0 0 0 0 0 0 0 0 0 0 0 8 0 0 0 0 0 0 7 9 0 9 0 0 0 0 0 12 0 0 0 0 0 3 0 12 0 11 0
0 0 0 0 0 0 1 0 2 0 0 0 0 0 0 0 0 0 0 0 0 0 0 0 0 0 0 0 0 0 0 0 0 0 0 0 0 0 0 6 0 0 0 5 0 0 0 5 7 0 0 0 0 0 0 0 0 2 0 0 0 0 0 0 0 1 0 0 0 0 0 0 0 0 7 0 0 0 0 9 0 0 0 0 0 0 0 0 0 0 0 0 0 0 6 0 0 0 0 0 0 0 0 5 0 0 0 5 0 0 5 0 0 7 0 0 0 0 0 0 0 0 0 0 0 1 5 0 0 0 0 0 0 0 0 0 0 0 1 0 0 0 0 2 0 0 0 0 0 0 0 0 2 0 0 0 0 0 0 0 0 0 0 2 0 0 0 0 0 7 0 8 0 0 0 0 4 0 0 0 0 0 0 0 0 6 0 0 0 0 0 0 0 0 0 0 8 0 0 1 0 0 0 0 0 0 0 0 8 0 5 0 0 7 0 0 0 4 3 3 0 0 0 3 5 0 0 0 0 0 0 0 0 5 0 0 0 6 0 0 0 5 0 5 0 0 0 0 0 0 0 0 0 0 0 3
0 0 0 0 0 0 1 0 3 0 0 0 0 0 0 0 0 0 0 0 0 0 0 0 0 0 0 0 0 0 0 0 0 0 0 0 0 0 0 8 0 0 0 7 0 0 0 7 10 0 0 0 0 0 0 0 0 2 0 0 0 0 0 0 0 1 0 0 0 0 0 0 0 0 10 0 0 0 0 12 0 0 0 0 0 0 0 0 0 0 0 0 0 0 9 0 0 0 0 0 0 0 0 6 0 0 0 7 0 0 7 0 0 10 0 0 0 0 0 0 0 0 0 0 0 2 6 1 0 0 0 0 0 0 0 0 0 0 2 0 0 0 0 2 0 0 0 0 0 0 0 0 2 0 0 0 0 0 0 0 0 0 0 3 0 0 0 0 0 10 0 11 0 0 0 0 5 0 0 0 0 0 0 0 0 8 0 0 0 0 0 0 0 0 0 0 12 0 0 1 0 0 0 0 0 0 0 0 11 0 6 0 0 10 0 0 0 6 4 5 0 0 0 4 7 0 0 0 0 0 0 0 0 7 0 0 0 8 0 0 0 7 0 8 0 0 0 0 0 0 0 0 0 0 0 5
0 0 0 0 0 0 1 0 3 0 0 0 0 0 0 0 0 0 0 0 0 0 0 0 0 0 0 0 0 0 0 0 0 0 0 0 0 0 0 9 0 0 0 7 0 0 0 8 10 0 0 0 0 0 0 0 0 3 0 0 0 0 0 0 0 1 0 0 0 0 0 0 0 0 10 0 0 0 0 13 0 0 0 0 0 0 0 0 0 0 0 0 0 0 9 0 0 0 0 0 0 0 0 7 0 0 0 8 0 0 7 0 0 11 0 0 0 0 0 0 0 0 0 0 0 2 6 1 0 0 0 0 0 0 0 0 0 0 2 0 0 0 0 2 0 0 0 0 0 0 0 0 2 0 0 0 0 0 0 0 0 0 0 3 0 0 0 0 0 10 0 12 0 0 0 0 6 0 0 0 0 0 0 0 0 8 0 0 0 0 0 0 0 0 0 0 12 0 0 1 0 0 0 0 0 0 0 0 12 0 6 0 0 10 0 0 0 7 5 5 0 0 0 4 8 0 0 0 0 0 0 0 0 7 0 0 0 9 0 0 0 7 0 8 0 0 0 0 0 0 0 0 0 0 0 5
0 0 0 0 0 0 1 0 1 0 0 0 0 0 0 0 0 0 0 0 0 0 0 0 0 0 0 0 0 0 0 0 0 0 0 0 0 0 0 5 0 0 0 4 0 0 0 4 6 0 0 0 0 0 0 0 0 1 0 0 0 0 0 0 0 1 0 0 0 0 0 0 0 0 5 0 0 0 0 7 0 0 0 0 0 0 0 0 0 0 0 0 0 0 5 0 0 0 0 0 0 0 0 4 0 0 0 4 0 0 4 0 0 6 0 0 0 0 0 0 0 0 0 0 0 1 4 1 0 0 0 0 0 0 0 0 0 0 1 0 0 0 0 1 0 0 0 0 0 0 0 0 1 0 0 0 0 0 0 0 0 0 0 2 0 0 0 0 0 6 0 6 0 0 0 0 3 0 0 0 0 0 0 0 0 4 0 0 0 0 0 0 0 0 0 0 7 0 0 0 0 0 0 0 0 0 0 0 6 0 3 0 0 5 0 0 0 3 3 3 0 0 0 2 4 0 0 0 0 0 0 0 0 4 0 0 0 5 0 0 0 4 0 4 0 0 0 0 0 0 0 0 0 0 0 3
