0 0 0 2 0 0 0 4 0 0 0 0 1 0 2 3 0 0 0 0 0 1 0 2 0 0 5 2 1 0 1 0 0 0 0 4 0 2 0 1 0 0 0 0 0 2 1 0 0 0 0 3 0 0 0 0 0 3 0 3 0 0 1 0 0 0 0 0 0 0 2 0 0 0 0 0 0 0 2 2 0 0 0 1 2 0 0 0 1 0 0 1 0 5 0 0 0 0 0 0 0 0 0 0 0 0 0 0 0 0 0 0 0 1 0 0 0 0 0 0 0 0 0 0 0 0 0 0 0 0 0 0 0 0 0 0 1 1 0 0 0 0 1 0 0 0 0 0 0 1 0 0 0 1 2 0 0 2 0 3 2 0 0 0 0 0 1 0 0 0 3 2 0 0 0 0 0 0 1 0 0 0 0 1 0 0 1 0 0 3 0 0 5 0 0 0 3 0 0 0 0 0 0 0 0 0 1 0 0 0 0 2 0 1 0 1 2 1 0 0 1 4 0 0 0 0 1 0 0 0 1 0 0 0 0 0 0 0 0 0 0 0 0 0 0 0 0 0 5 0 0 1 0 3 3 0
0 0 0 2 0 1 0 5 0 0 0 0 1 2 2 5 0 0 0 0 0 0 0 2 0 0 8 2 0 0 2 0 1 0 0 7 0 2 0 0 0 0 0 0 0 3 1 0 1 0 0 4 0 0 0 0 0 3 0 4 0 0 1 0 0 0 0 0 0 0 3 1 0 0 0 0 0 0 2 5 0 0 0 1 3 0 0 0 0 0 0 1 0 6 0 0 0 2 0 0 0 0 0 0 0 0 0 0 0 0 0 0 0 1 0 0 0 0 0 0 0 0 0 0 0 0 0 0 0 0 0 0 0 0 0 0 1 0 0 1 0 0 0 0 0 0 0 0 0 0 0 0 0 1 3 0 0 3 0 3 2 0 0 0 0 0 0 1 0 0 3 3 0 0 0 0 0 0 0 0 0 0 0 0 0 0 2 0 0 4 0 0 7 0 0 0 3 0 0 0 0 0 0 0 0 0 0 0 0 1 0 1 0 4 0 0 3 1 0 0 2 6 0 0 0 0 3 0 1 0 0 0 0 0 0 2 0 0 0 0 0 0 0 0 0 0 0 0 7 0 0 3 0 7 3 0
0 0 0 0 0 0 0 0 0 0 0 0 0 0 0 0 0 0 0 0 0 3 0 0 3 0 0 0 3 0 0 0 0 1 0 0 0 0 0 6 2 4 0 0 0 0 2 0 0 8 0 0 0 0 1 0 0 2 3 0 0 0 0 0 0 0 0 0 0 0 0 0 1 0 0 0 0 0 0 0 0 0 0 1 0 0 0 0 3 0 0 0 2 0 0 3 0 0 0 0 0 0 0 0 0 0 0 0 0 0 0 3 0 2 0 0 0 0 2 1 0 0 0 2 0 0 0 0 2 3 0 0 0 2 0 0 1 3 0 0 0 1 2 0 0 1 0 1 0 0 0 0 0 1 0 0 0 0 0 0 0 0 0 0 0 1 5 0 1 0 0 0 0 0 0 0 0 3 3 0 0 0 0 2 0 0 0 2 0 0 0 0 0 0 0 0 1 0 0 0 0 0 0 0 0 0 6 0 0 0 0 3 0 0 0 2 0 0 0 0 0 0 0 3 0 0 0 0 0 0 2 0 0 0 0 0 0 3 0 0 0 0 3 0 0 0 0 0 0 0 0 0 0 0 0 0
0 0 0 0 0 0 0 0 0 0 0 0 0 0 0 0 0 0 0 0 0 3 0 0 4 0 0 0 3 0 0 0 0 2 0 0 0 0 0 8 2 5 0 0 0 0 2 0 0 10 0 0 0 0 2 0 0 3 4 0 0 0 0 0 0 0 0 0 0 0 0 0 2 0 0 0 0 0 0 0 0 0 0 1 0 0 0 0 3 0 0 0 2 0 0 3 0 0 0 0 0 0 0 0 0 0 0 0 0 0 0 4 0 3 0 0 0 0 3 1 0 0 0 2 0 0 0 0 2 3 0 0 0 3 0 0 1 4 0 0 0 1 3 0 0 1 0 1 0 0 0 0 0 1 0 0 0 0 0 0 0 0 0 0 0 1 6 0 1 0 0 0 0 0 0 0 0 4 4 0 0 0 0 3 0 0 0 2 0 0 0 0 0 0 0 0 2 0 0 0 0 0 0 0 0 0 7 0 0 0 0 3 0 0 0 3 0 0 0 0 0 0 0 4 0 0 0 0 0 0 3 0 0 0 0 0 0 3 0 0 0 0 3 0 0 0 0 0 0 0 0 0 0 0 0 0
0 0 0 4 0 1 0 9 0 0 0 0 2 4 3 9 0 0 0 0 0 0 0 4 0 0 13 3 1 0 4 0 3 0 0 13 0 4 0 0 0 0 0 0 0 6 2 0 1 0 0 7 0 0 0 0 0 4 1 6 0 0 2 0 0 0 0 0 0 0 6 1 0 0 0 0 0 0 4 8 0 0 0 2 6 0 0 0 0 0 0 2 0 10 0 0 0 3 0 0 0 0 0 0 0 0 0 0 1 0 0 0 0 1 1 0 0 0 0 0 0 0 0 0 0 0 0 0 0 0 0 0 0 0 0 0 3 0 0 3 0 0 0 0 0 0 0 0 0 0 0 0 0 2 5 0 0 5 0 6 4 0 0 0 0 0 0 2 0 0 6 5 0 0 0 0 0 0 0 0 0 0 0 0 0 0 4 0 0 8 0 0 13 2 0 0 4 0 0 0 0 0 0 0 0 0 0 0 0 1 0 1 0 8 0 1 6 1 0 0 3 10 0 0 0 0 4 0 2 0 0 0 1 0 0 4 0 0 0 0 0 0 0 0 0 0 0 0 13 0 0 4 0 14 6 0
0 0 0 0 0 0 0 0 0 0 0 0 0 0 0 0 0 0 0 0 0 3 0 0 4 0 0 0 3 0 0 0 0 2 0 0 0 0 0 7 2 5 0 0 0 0 2 0 0 9 0 0 0 0 2 0 0 3 3 0 0 0 0 0 0 0 0 0 0 0 0 0 2 0 0 0 0 0 0 0 0 0 0 1 0 0 0 0 3 0 0 0 2 0 0 3 0 0 0 0 0 0 0 0 0 0 0 0 0 0 0 3 0 3 0 0 0 0 3 1 0 0 0 2 0 0 0 0 2 3 0 0 0 3 0 0 1 4 0 0 0 1 3 0 0 1 0 1 0 0 0 0 0 1 0 0 0 0 0 0 0 0 0 0 0 1 5 0 1 0 0 0 0 0 0 0 0 3 4 0 0 0 0 2 0 0 0 2 0 0 0 0 0 0 0 0 2 0 0 0 0 0 0 0 0 0 7 0 1 0 0 3 0 0 0 3 0 0 0 0 0 0 0 4 0 0 0 0 0 0 3 0 0 0 0 0 0 3 0 0 0 0 3 0 0 0 0 0 0 0 0 0 0 0 0 0
0 0 0 1 0 0 0 2 0 0 0 0 1 0 1 2 0 0 0 0 0 1 0 1 1 0 4 1 1 0 0 0 0 0 0 2 0 1 0 1 0 1 0 0 0 1 1 0 0 1 0 2 0 0 0 0 0 2 1 2 0 0 1 0 0 0 0 0 0 0 1 0 0 0 0 0 0 0 1 1 0 0 0 1 2 0 0 0 1 0 0 1 0 3 0 0 0 0 0 0 0 0 0 0 0 0 0 0 0 0 0 1 0 1 0 0 0 0 0 0 0 0 0 1 0 0 0 0 0 1 0 0 0 0 0 0 1 1 0 0 0 0 1 0 0 0 0 0 0 1 0 0 0 1 1 0 0 1 0 2 1 0 0 0 0 0 1 0 1 0 2 2 0 0 0 0 0 0 1 0 0 0 0 1 0 0 1 0 0 2 0 0 3 0 0 0 2 0 0 0 0 0 0 0 0 0 1 0 0 0 0 2 0 1 0 1 2 1 0 0 1 3 0 0 0 0 1 0 0 0 1 0 0 0 0 0 0 0 0 0 0 0 1 0 0 0 0 0 3 0 0 1 0 1 2 0
0 0 0 0 0 0 0 0 0 0 0 0 0 0 1 0 0 0 0 0 0 3 0 0 3 0 0 0 3 0 0 0 0 1 0 0 0 0 0 6 1 4 0 0 0 0 2 0 0 7 0 0 0 0 1 0 0 3 2 0 0 0 0 0 0 0 0 0 0 0 0 0 1 0 0 0 0 0 0 0 0 0 0 1 0 0 0 0 2 0 0 0 2 0 0 2 0 0 0 0 0 0 0 0 0 0 0 0 0 0 0 3 0 2 0 0 0 0 2 1 0 0 0 2 0 0 0 0 2 2 0 0 0 2 0 0 1 3 0 0 0 1 2 0 0 1 0 0 0 0 0 0 0 1 0 0 0 0 0 0 0 0 0 0 0 1 4 0 2 0 0 0 0 0 0 0 0 2 3 0 0 0 0 2 0 0 0 1 0 0 0 0 0 0 0 0 2 0 0 0 0 0 0 0 0 0 5 0 0 0 0 3 0 0 0 2 0 0 0 0 0 0 0 3 0 0 0 0 0 0 2 0 0 0 0 0 0 2 0 0 0 0 2 0 0 0 0 0 0 0 0 0 0 0 0 0
0 0 0 0 0 0 0 0 0 0 0 0 0 0 0 0 0 0 0 0 0 0 0 0 0 0 0 0 0 0 0 0 0 0 0 0 0 0 0 0 0 0 0 0 0 0 0 0 0 0 0 0 0 0 0 0 0 0 0 0 0 0 0 0 0 0 0 0 0 0 0 0 0 0 0 0 0 0 0 0 0 0 0 0 0 0 0 0 0 0 0 0 0 0 0 0 0 0 0 0 0 0 0 0 0 0 0 0 0 0 0 0 0 0 0 0 0 0 0 0 0 0 0 0 0 0 0 0 0 0 0 0 0 0 0 0 0 0 0 0 0 0 0 0 0 0 0 0 0 0 0 0 0 0 0 0 0 0 0 0 0 0 0 0 0 0 0 0 0 0 0 0 0 0 0 0 0 0 0 0 0 0 0 0 0 0 0 0 0 0 0 0 0 0 0 0 0 0 0 0 0 0 0 0 0 0 0 0 0 0 0 0 0 0 0 0 0 0 0 0 0 0 0 0 0 0 0 0 0 0 0 0 0 0 0 0 0 0 0 0 0 0 0 0 0 0 0 0 0 0 0 0 0 0 0 0
0 0 0 0 0 0 0 0 0 0 0 0 0 0 1 0 0 0 0 0 0 3 0 0 3 0 0 0 3 0 0 0 0 1 0 0 0 0 0 5 1 4 0 0 0 0 2 0 0 7 0 0 0 0 1 0 0 3 2 0 0 0 0 0 0 0 0 0 0 0 0 0 1 0 0 0 0 0 0 0 0 0 0 1 0 0 0 0 2 0 0 0 2 0 0 2 0 0 0 0 0 0 0 0 0 0 0 0 0 0 0 3 0 2 0 0 0 0 2 1 0 0 0 2 0 0 0 0 2 2 0 0 0 2 0 0 1 3 0 0 0 1 2 0 0 1 0 0 0 1 0 0 0 1 0 0 0 0 0 0 0 0 0 0 0 0 4 0 2 0 0 0 0 0 0 0 0 2 3 0 0 0 0 2 0 0 0 1 0 0 0 0 0 0 0 0 2 0 0 0 0 0 0 0 0 0 5 0 0 0 0 3 0 0 0 2 0 0 0 0 0 0 0 3 0 0 0 0 0 0 2 0 0 0 0 0 0 2 0 0 0 0 2 0 0 0 0 0 0 0 0 0 0 0 0 0
0 0 0 0 0 0 0 0 0 0 0 0 0 0 0 0 0 0 0 0 0 2 0 0 3 0 0 0 3 0 0 0 0 1 0 0 0 0 0 5 1 4 0 0 0 0 2 0 0 7 0 0 0 0 1 0 0 2 3 0 0 0 0 0 0 0 0 0 0 0 0 0 1 0 0 0 0 0 0 0 0 0 0 0 0 0 0 0 2 0 0 0 2 0 0 2 0 0 0 0 0 0 0 0 0 0 0 0 0 0 0 2 0 2 0 0 0 0 2 0 0 0 0 2 0 0 0 0 2 2 0 0 0 1 0 0 1 3 0 0 0 1 2 0 0 1 0 0 0 0 0 0 0 1 0 0 0 0 0 0 0 0 0 0 0 1 4 0 1 0 0 0 0 0 0 0 0 2 3 0 0 0 0 2 0 0 0 1 0 0 0 0 0 0 0 0 1 0 0 0 0 0 0 0 0 0 5 0 0 0 0 2 0 0 0 2 0 0 0 0 0 0 0 3 0 0 0 0 0 0 2 0 0 0 0 0 0 2 0 0 0 0 2 0 0 0 0 0 0 0 0 0 0 0 0 0
0 0 0 4 0 1 0 7 0 0 0 0 2 3 2 7 0 0 0 0 0 0 0 3 0 0 11 3 1 0 3 0 2 0 0 11 0 3 0 0 0 0 0 0 0 5 1 0 1 0 0 7 0 0 0 0 0 4 0 6 0 0 2 0 0 0 0 0 0 0 5 1 0 0 0 0 0 0 3 7 0 0 0 1 5 0 0 0 0 0 0 2 0 9 0 0 0 3 0 0 0 0 0 0 0 0 0 0 0 0 0 0 0 1 0 0 0 0 0 0 0 0 0 0 0 0 0 0 0 0 0 0 0 0 0 0 2 0 0 2 0 0 0 0 0 0 0 0 0 0 0 0 0 1 4 0 0 4 0 5 4 0 0 0 0 0 0 1 0 0 5 5 0 0 0 0 0 0 0 0 0 0 0 0 0 0 3 0 0 6 0 0 11 0 0 0 4 0 0 0 0 0 0 0 0 0 0 0 0 0 0 2 0 6 0 0 4 1 0 0 2 9 0 0 0 0 4 0 1 0 0 0 0 0 0 2 0 0 0 0 0 0 0 0 0 0 0 0 11 0 0 4 0 10 5 0
0 0 0 0 0 0 0 0 0 0 0 0 0 0 1 0 0 0 0 0 0 2 0 0 3 0 0 0 3 0 0 0 0 1 0 0 0 0 1 5 1 4 0 0 0 0 2 0 0 7 0 0 0 0 1 0 0 2 2 0 0 0 0 0 0 0 0 0 0 0 0 0 1 0 0 0 0 0 0 0 0 0 0 0 0 0 0 0 2 0 0 0 2 0 0 2 0 0 0 0 0 0 0 0 0 0 0 0 0 0 0 2 0 2 0 0 0 0 1 1 0 0 0 2 0 0 0 0 2 2 0 0 0 2 0 0 1 3 0 0 0 1 2 0 0 1 0 1 0 0 0 0 0 0 0 0 0 0 0 0 0 0 0 0 0 1 4 0 1 0 0 0 0 0 0 0 0 2 3 0 0 0 0 2 0 0 0 1 0 0 0 0 0 0 0 0 2 0 0 0 0 0 0 0 0 0 5 0 0 0 0 2 0 0 0 2 0 0 0 0 0 0 0 3 0 0 0 0 0 0 2 0 0 0 0 0 0 2 0 0 0 0 2 0 0 0 0 0 0 0 0 0 0 0 0 0
0 0 0 0 0 0 0 0 0 0 0 0 0 0 0 0 0 0 0 0 0 3 0 0 3 0 0 0 3 0 0 0 0 1 0 0 0 0 0 6 2 4 0 0 0 0 2 0 0 7 0 0 0 0 1 0 0 2 3 0 0 0 0 0 0 0 0 0 0 0 0 0 1 0 0 0 0 0 0 0 0 0 0 0 0 0 0 0 2 0 0 0 1 0 0 2 0 0 0 0 0 0 0 0 0 0 0 0 0 0 0 3 0 2 0 0 0 0 2 1 0 0 0 2 0 0 0 0 2 2 0 0 0 2 0 0 1 3 0 0 0 1 2 0 0 1 0 1 0 0 0 0 0 1 0 0 0 0 0 0 0 0 0 0 0 1 4 0 1 0 0 0 0 0 0 0 0 2 3 0 0 0 0 2 0 0 0 1 0 0 0 0 0 0 0 0 1 0 0 0 0 0 0 0 0 0 6 0 0 0 0 2 0 0 0 2 0 0 0 0 0 0 0 3 0 0 0 0 0 0 2 0 0 0 0 0 0 2 0 0 0 0 2 0 0 0 0 0 0 0 0 0 0 0 0 0
0 0 0 0 0 0 0 0 0 0 0 0 0 0 0 0 0 0 0 0 0 2 0 0 3 0 0 0 3 0 0 0 0 1 0 0 0 0 0 6 2 4 0 0 0 0 2 0 0 7 0 0 0 0 1 0 0 2 3 0 0 0 0 0 0 0 0 0 0 0 0 0 1 0 0 0 0 0 0 0 0 0 0 1 0 0 0 0 3 0 0 0 1 0 0 2 0 0 0 0 0 0 0 0 0 0 0 0 0 0 0 3 0 2 0 0 0 0 2 1 0 0 0 2 0 0 0 0 2 2 0 0 0 2 0 0 1 3 0 0 0 1 2 0 0 1 0 1 0 0 0 0 0 1 0 0 0 0 0 0 0 0 0 0 0 1 4 0 1 0 0 0 0 0 0 0 0 3 3 0 0 0 0 2 0 0 0 1 0 0 0 0 0 0 0 0 1 0 0 0 0 0 0 0 0 0 6 0 0 0 0 2 0 0 0 2 0 0 0 0 0 0 0 3 0 0 0 0 0 0 2 0 0 0 0 0 0 3 0 0 0 0 2 0 0 0 0 0 0 0 0 0 0 0 0 0
0 0 0 0 0 0 0 0 0 0 0 0 0 0 0 0 0 0 0 0 0 0 0 0 0 0 0 0 0 0 0 0 0 0 0 0 0 0 0 0 0 0 0 0 0 0 0 0 0 0 0 0 0 0 0 0 0 0 0 0 0 0 0 0 0 0 0 0 0 0 0 0 0 0 0 0 0 0 0 0 0 0 0 0 0 0 0 0 0 0 0 0 0 0 0 0 0 0 0 0 0 0 0 0 0 0 0 0 0 0 0 0 0 0 0 0 0 0 0 0 0 0 0 0 0 0 0 0 0 0 0 0 0 0 0 0 0 0 0 0 0 0 0 0 0 0 0 0 0 0 0 0 0 0 0 0 0 0 0 0 0 0 0 0 0 0 0 0 0 0 0 0 0 0 0 0 0 0 0 0 0 0 0 0 0 0 0 0 0 0 0 0 0 0 0 0 0 0 0 0 0 0 0 0 0 0 0 0 0 0 0 0 0 0 0 0 0 0 0 0 0 0 0 0 0 0 0 0 0 0 0 0 0 0 0 0 0 0 0 0 0 0 0 0 0 0 0 0 0 0 0 0 0 0 0 0
0 0 0 2 0 1 0 6 0 0 1 0 2 4 1 7 0 0 0 0 0 0 0 3 0 0 9 2 1 0 3 1 2 0 0 12 0 2 0 0 0 0 0 0 0 5 1 0 2 0 0 5 0 0 0 0 0 2 1 4 1 1 2 0 0 0 0 0 0 0 4 2 0 0 0 0 0 0 3 8 0 0 0 2 4 0 0 1 0 0 1 1 0 8 0 0 1 2 0 1 0 0 0 0 0 0 0 0 3 0 0 2 0 1 2 0 0 0 0 0 0 0 0 0 1 0 0 0 0 0 0 0 0 0 0 0 2 0 0 4 0 0 0 0 0 0 0 0 0 0 2 0 0 2 3 2 0 3 0 3 3 0 0 0 0 0 0 3 0 0 4 3 0 0 0 0 0 0 0 0 0 0 0 0 0 0 3 0 0 6 0 0 10 3 0 0 3 1 0 0 0 0 0 0 0 0 0 0 0 2 1 1 0 6 0 1 4 1 0 0 2 7 0 0 0 0 3 0 3 0 0 0 2 0 0 6 0 0 0 0 0 0 0 0 1 0 0 0 9 0 0 3 0 13 4 0
0 0 0 0 0 0 0 0 0 0 0 0 0 0 0 0 0 0 0 0 0 3 0 1 3 0 0 0 3 0 0 0 0 1 0 1 0 0 0 6 2 4 0 0 0 0 2 0 0 7 1 0 0 0 1 0 0 3 3 0 0 0 0 0 0 0 0 0 0 0 0 0 1 0 0 0 0 0 0 0 0 0 0 0 0 0 0 0 2 0 0 0 1 0 0 2 0 0 0 0 0 0 0 0 0 0 0 0 0 0 0 3 0 3 0 0 0 0 2 1 0 0 0 2 0 0 0 0 2 3 0 0 0 1 0 0 1 3 0 0 0 1 2 0 0 1 0 1 0 0 0 0 0 1 0 0 0 0 0 0 1 0 0 0 0 1 5 0 1 0 0 0 0 0 0 0 0 2 3 0 0 0 0 2 0 0 0 1 0 0 0 0 0 0 0 0 2 0 0 0 0 0 0 0 0 0 6 0 0 0 0 2 0 0 0 2 0 0 0 0 0 0 0 3 0 0 0 0 0 0 2 0 0 0 0 0 0 2 0 0 0 0 2 0 0 0 0 0 0 0 0 0 0 0 0 0
0 0 0 4 0 2 0 9 0 0 0 0 2 3 3 8 0 0 0 0 0 0 0 4 0 0 12 3 1 0 3 0 2 0 0 12 0 4 0 0 0 0 0 0 0 5 2 0 1 0 0 7 0 0 0 0 0 4 0 6 0 0 2 0 0 0 0 0 0 0 6 1 0 0 0 0 0 0 3 8 0 0 0 2 5 0 0 0 0 0 0 2 0 10 0 0 0 3 0 0 0 0 0 0 0 0 0 0 0 0 0 0 0 1 0 0 0 0 0 0 0 0 0 0 0 0 0 0 0 0 0 0 0 0 0 0 3 0 0 2 0 0 0 0 0 0 0 0 0 0 0 0 0 1 4 0 0 5 0 6 4 0 0 0 0 0 0 1 0 0 6 5 0 0 0 0 0 0 0 0 0 0 0 0 0 0 4 0 0 7 0 0 12 1 0 0 5 0 0 0 0 0 0 0 0 0 0 0 0 0 0 2 0 7 0 0 5 2 0 0 3 10 0 0 0 0 4 0 1 0 0 0 0 0 0 2 0 0 0 0 0 0 0 0 0 0 0 0 11 0 0 4 0 12 6 0
0 0 0 0 0 0 0 0 0 0 0 0 0 0 1 0 0 0 0 0 0 2 0 0 3 0 0 0 3 0 0 0 0 1 0 0 0 0 0 5 2 4 0 0 0 0 1 0 0 7 0 0 0 0 1 0 0 2 3 0 0 0 0 0 0 0 0 0 0 0 0 0 1 0 0 0 0 0 0 0 0 0 0 0 0 0 0 0 3 0 0 0 2 0 0 2 0 0 0 0 0 0 0 0 0 0 0 0 0 0 0 2 0 2 0 0 0 0 2 1 0 0 0 2 0 0 0 0 2 2 0 0 0 2 0 0 1 3 0 0 0 1 2 0 0 1 0 0 0 0 0 0 0 1 0 0 0 0 0 0 0 0 0 0 0 1 4 0 1 0 0 0 0 0 0 0 0 3 3 0 0 0 0 2 0 0 0 1 0 0 0 0 0 0 0 0 1 0 0 0 0 0 0 0 0 0 5 0 0 0 0 3 0 0 0 2 0 0 0 0 0 0 0 3 0 0 0 0 0 0 2 0 0 0 0 0 0 2 0 0 0 0 2 0 0 0 0 0 0 0 0 0 0 0 0 0
0 0 0 0 0 0 0 0 0 0 0 0 1 0 1 0 0 0 0 0 0 2 0 0 3 0 0 0 3 0 0 0 0 1 0 0 0 0 1 5 1 3 0 0 0 0 2 0 0 6 0 0 0 0 1 0 0 3 2 0 0 0 0 0 0 0 0 0 0 0 0 0 1 0 0 0 0 0 0 0 0 0 0 0 0 0 0 0 2 0 0 0 1 0 0 2 0 0 0 0 0 0 0 0 0 0 0 0 0 0 0 2 0 2 0 0 0 0 1 1 0 0 0 2 0 0 0 0 2 2 0 0 0 1 0 0 1 3 0 0 0 1 2 0 0 1 0 0 0 1 0 0 0 1 0 0 0 0 0 1 0 0 0 0 0 0 4 0 1 0 0 0 0 0 0 0 0 2 3 0 0 0 0 2 0 0 0 1 0 0 0 0 0 0 0 0 2 0 0 0 0 0 0 0 0 0 4 0 0 0 0 3 0 0 0 2 0 0 0 0 0 1 0 2 0 0 0 0 0 0 2 0 0 0 0 0 0 1 0 0 0 0 2 0 0 0 0 0 0 0 0 0 0 0 0 0
0 0 0 0 0 0 0 0 0 0 0 0 0 0 1 0 0 0 0 0 0 3 0 0 4 0 0 0 4 0 0 0 0 1 0 0 0 0 0 7 2 5 0 0 0 0 2 0 0 9 0 0 0 0 2 0 0 3 3 0 0 0 0 0 0 0 0 0 0 0 0 0 2 0 0 0 0 0 0 0 0 0 0 0 0 0 1 0 3 0 0 0 2 0 0 3 0 0 0 0 0 0 0 0 0 0 0 0 0 0 0 3 0 3 0 0 0 0 2 1 0 0 0 2 0 0 0 0 2 3 0 0 0 3 0 0 1 4 0 0 0 1 3 0 0 1 0 1 0 0 0 0 0 1 0 0 0 0 0 0 0 0 0 0 0 1 5 0 2 0 0 0 0 0 0 0 0 3 4 0 0 0 0 2 0 0 0 2 0 0 0 1 0 0 0 0 2 0 0 0 0 0 0 0 0 0 7 0 0 0 0 3 0 0 0 3 0 0 0 0 0 0 0 4 0 0 0 0 0 0 3 0 0 0 0 0 0 3 0 0 0 0 3 0 0 0 0 0 0 0 0 0 0 0 0 0
0 0 0 0 0 0 0 1 0 0 0 0 1 0 1 1 0 0 0 0 0 2 0 0 2 0 1 1 2 0 0 0 0 0 0 1 0 0 0 3 1 2 0 0 0 0 1 0 0 4 0 1 0 0 1 0 0 2 2 0 0 0 0 0 0 0 0 0 0 0 0 0 0 0 0 0 0 0 0 0 0 0 0 1 0 0 0 0 1 0 0 1 1 1 0 2 0 0 0 0 0 0 0 0 0 0 0 0 0 0 0 2 0 2 0 0 0 0 1 0 0 0 0 1 0 0 0 0 1 1 0 0 0 0 0 0 1 2 0 0 0 0 2 0 0 0 0 0 0 1 0 0 0 1 0 0 0 1 0 1 1 0 0 0 0 0 3 0 1 0 0 1 0 0 0 0 0 1 2 0 0 0 0 1 0 0 0 1 0 1 0 0 1 0 0 0 2 0 0 0 0 0 0 0 0 0 3 0 0 0 0 2 0 0 0 2 0 0 0 0 0 1 0 2 0 0 0 0 0 0 1 0 0 0 0 0 0 0 0 0 0 0 1 0 0 0 0 0 1 0 0 0 0 0 1 0
0 0 0 0 0 0 0 0 0 0 0 0 0 0 0 0 0 0 0 0 0 3 0 0 3 0 0 0 3 0 0 0 0 1 0 0 0 0 0 7 2 4 0 0 0 0 2 0 0 8 0 0 0 0 1 0 0 2 3 0 0 0 0 0 0 0 0 0 0 0 0 0 2 0 0 0 0 0 0 0 0 0 0 1 0 0 0 0 3 0 0 0 2 0 0 3 0 0 0 0 0 0 0 0 0 0 0 0 0 0 0 3 0 2 0 0 0 0 2 1 0 0 0 2 0 0 0 0 2 3 0 0 0 2 0 0 1 4 0 0 0 1 3 0 0 1 0 1 0 1 0 0 0 1 0 0 0 0 0 0 0 0 0 0 0 1 5 0 1 0 0 0 0 0 0 0 0 3 3 0 0 0 0 2 0 0 0 1 0 0 0 0 0 0 0 0 2 0 0 0 0 0 0 0 0 0 6 0 1 0 0 3 0 0 0 2 0 0 0 0 0 0 0 3 0 0 0 0 0 0 2 0 0 0 0 0 0 3 0 0 0 0 2 0 0 0 0 0 0 0 0 0 0 0 0 0
0 0 0 0 0 0 0 0 0 0 0 0 0 0 0 0 0 0 0 0 0 0 0 0 0 0 0 0 0 0 0 0 0 0 0 0 0 0 0 0 0 0 0 0 0 0 0 0 0 0 0 0 0 0 0 0 0 0 0 0 0 0 0 0 0 0 0 0 0 0 0 0 0 0 0 0 0 0 0 0 0 0 0 0 0 0 0 0 0 0 0 0 0 0 0 0 0 0 0 0 0 0 0 0 0 0 0 0 0 0 0 0 0 0 0 0 0 0 0 0 0 0 0 0 0 0 0 0 0 0 0 0 0 0 0 0 0 0 0 0 0 0 0 0 0 0 0 0 0 0 0 0 0 0 0 0 0 0 0 0 0 0 0 0 0 0 0 0 0 0 0 0 0 0 0 0 0 0 0 0 0 0 0 0 0 0 0 0 0 0 0 0 0 0 0 0 0 0 0 0 0 0 0 0 0 0 0 0 0 0 0 0 0 0 0 0 0 0 0 0 0 0 0 0 0 0 0 0 0 0 0 0 0 0 0 0 0 0 0 0 0 0 0 0 0 0 0 0 0 0 0 0 0 0 0 0
0 0 0 0 0 0 0 0 0 0 0 0 0 0 0 0 0 0 0 0 0 3 0 0 3 0 0 0 3 0 0 0 0 1 0 0 0 0 0 7 2 4 0 0 0 0 2 0 0 8 0 0 0 0 1 0 0 3 3 0 0 0 0 0 0 0 0 0 0 0 0 0 2 0 0 0 0 0 0 0 0 0 0 1 0 0 0 0 3 0 0 0 2 0 0 3 0 0 0 0 0 0 0 0 0 0 0 0 0 0 0 3 0 2 0 0 0 0 2 1 0 0 0 2 0 0 0 0 2 3 0 0 0 2 0 0 1 4 0 0 0 1 2 0 0 1 0 1 0 0 0 0 0 1 0 0 0 0 0 0 0 0 0 0 0 1 5 0 1 0 0 0 0 0 0 0 0 3 3 0 0 0 0 2 0 0 0 2 0 0 0 0 0 0 0 0 2 0 0 0 0 0 0 0 0 0 6 0 0 0 0 3 0 0 0 2 0 0 0 0 0 0 0 3 0 0 0 0 0 0 2 0 0 0 0 0 0 3 0 0 0 0 3 0 0 0 0 0 0 0 0 0 0 0 0 0
0 0 0 3 0 2 0 11 0 0 2 0 3 7 1 12 0 0 0 0 0 0 0 6 0 0 17 3 2 0 6 0 4 0 0 20 0 5 0 0 0 0 0 0 1 10 2 0 3 0 0 10 0 0 0 0 0 3 2 7 2 2 3 0 0 0 0 0 0 0 7 3 1 0 0 0 0 0 4 14 0 0 0 5 6 0 0 1 0 0 1 2 0 14 0 0 0 4 0 1 0 0 0 0 0 0 0 0 4 0 0 2 0 2 3 0 0 0 0 0 0 0 0 0 2 0 0 0 0 0 0 0 0 0 0 0 3 0 0 6 0 0 0 0 0 0 0 0 0 0 2 0 0 3 7 3 0 6 0 6 6 0 0 0 0 0 0 5 0 0 8 5 0 0 0 0 0 0 1 0 0 0 0 0 0 0 5 1 0 11 0 0 17 6 0 0 5 2 0 0 0 0 0 0 0 0 0 0 0 4 2 2 0 11 0 1 7 1 0 0 3 13 0 0 0 0 6 0 6 0 0 0 4 0 0 9 0 0 0 0 0 0 0 0 0 0 0 0 17 0 0 5 0 22 8 0
0 0 0 3 0 1 0 5 0 0 0 0 2 1 2 4 0 0 0 0 0 0 0 2 0 0 8 2 1 0 2 0 0 0 0 7 0 2 0 0 0 0 0 0 0 3 1 0 0 0 0 5 0 0 0 0 0 3 0 4 0 0 1 0 0 0 0 0 0 0 4 0 0 0 0 0 0 0 2 4 0 0 0 1 3 0 0 0 0 0 0 2 0 6 0 0 0 1 0 0 0 0 0 0 0 0 0 0 0 0 0 0 0 0 0 0 0 0 0 0 0 0 0 0 0 0 0 0 0 0 0 0 0 0 0 0 2 0 0 1 0 0 0 0 0 0 0 0 0 0 0 0 0 1 3 0 0 3 0 4 3 0 0 0 0 0 0 0 0 0 4 3 0 0 0 0 0 0 0 0 0 0 0 0 0 0 3 0 0 4 0 0 7 0 0 0 3 0 0 0 0 0 0 0 0 0 0 0 0 0 0 2 0 4 0 0 4 1 0 0 2 6 0 0 0 0 3 0 1 0 0 0 0 0 0 0 0 0 0 0 0 0 0 0 0 0 0 0 7 0 0 3 0 6 4 0
0 0 0 2 0 1 0 5 0 0 0 0 1 2 2 5 0 0 0 0 0 0 0 2 0 0 7 2 0 0 2 0 1 0 0 7 0 2 0 0 0 0 0 0 0 3 1 0 1 0 0 4 0 0 0 0 0 2 0 4 0 0 1 0 0 0 0 0 0 0 3 1 0 0 0 0 0 0 2 4 0 0 0 1 3 0 0 0 0 0 0 2 0 6 0 0 0 2 0 0 0 0 0 0 0 0 0 0 1 0 0 0 0 0 0 0 0 0 0 0 0 0 0 0 0 0 0 0 0 0 0 0 0 0 0 0 1 0 0 1 0 0 0 0 0 0 0 0 0 0 0 0 0 1 3 0 0 3 0 3 3 0 0 0 0 0 0 1 0 0 3 3 0 0 0 0 0 0 0 0 0 0 0 0 0 0 2 0 0 4 0 0 7 0 0 0 3 0 0 0 0 0 0 0 0 0 0 0 0 0 0 1 0 4 0 0 3 1 0 0 1 6 0 0 0 0 3 0 1 0 0 0 0 0 0 2 0 0 0 0 0 0 0 0 0 0 0 0 7 0 0 2 0 7 3 0
0 0 0 0 0 0 0 0 0 0 0 0 0 0 0 0 0 0 0 0 0 3 0 0 3 0 0 0 3 0 0 0 0 1 0 0 0 0 0 6 2 4 0 0 0 0 2 0 0 8 0 0 0 0 1 0 0 2 3 0 0 0 0 0 0 0 0 0 0 0 0 0 1 0 0 0 0 0 0 0 0 0 0 1 0 0 0 0 3 0 0 0 2 0 0 3 0 0 0 0 0 0 0 0 0 0 0 0 0 0 0 3 0 2 0 0 0 0 2 1 0 0 0 2 0 0 0 0 2 3 0 0 0 2 0 0 1 3 0 0 0 1 2 0 0 1 0 0 0 0 0 0 0 1 0 0 0 0 0 0 0 0 0 0 0 1 4 0 1 0 0 0 0 0 0 0 0 3 3 0 0 0 0 2 0 0 0 2 0 0 0 0 0 0 0 0 1 0 0 0 0 0 0 0 0 0 6 0 0 0 0 2 0 0 0 2 0 0 0 0 0 0 0 3 0 0 0 0 0 0 2 0 0 0 0 0 0 3 0 0 0 0 3 0 0 0 0 0 0 0 0 0 0 0 0 0
0 0 0 1 0 0 0 1 0 0 0 0 0 0 1 1 0 0 0 0 0 1 0 0 0 0 2 0 1 0 0 0 0 0 0 2 0 1 0 1 0 0 0 0 0 1 1 0 0 1 0 2 0 0 0 0 0 1 0 1 0 0 0 0 0 0 0 0 0 0 1 0 1 0 0 0 0 0 1 1 0 0 0 1 1 0 0 0 1 0 0 0 1 2 0 0 0 0 0 0 0 0 0 0 0 0 0 0 0 0 0 0 0 1 0 0 0 0 0 0 0 0 0 0 0 0 0 0 0 0 0 0 0 0 0 0 0 1 0 0 0 0 1 0 0 0 0 0 0 0 0 0 0 1 1 0 0 1 0 1 1 0 0 0 0 0 1 0 0 0 1 1 0 0 0 0 0 1 0 0 0 0 0 1 0 0 0 0 0 1 0 0 2 0 0 0 2 0 0 0 0 0 0 0 0 0 1 0 0 0 0 1 0 1 0 1 1 0 0 0 1 2 0 0 0 0 1 0 1 0 1 0 0 0 0 0 0 0 0 0 0 0 0 0 0 0 0 0 2 0 0 1 0 2 1 0
0 0 0 4 0 1 0 8 0 0 0 0 2 3 3 7 0 0 0 0 0 0 0 4 0 0 12 3 1 0 3 0 2 0 0 11 0 3 0 0 0 0 0 0 0 5 1 0 1 0 0 7 0 0 0 0 0 4 0 6 0 0 2 0 0 0 0 0 0 0 5 1 0 0 0 0 0 0 3 7 0 0 0 1 5 0 0 0 0 0 0 2 0 9 0 0 0 3 0 0 0 0 0 0 0 0 0 0 1 0 0 0 0 0 0 0 0 0 0 0 0 0 0 0 0 0 0 0 0 0 0 0 0 0 0 0 2 0 0 2 0 0 0 0 0 0 0 0 0 0 0 0 0 1 4 0 0 4 0 5 4 0 0 0 0 0 0 1 0 0 5 4 0 0 0 0 0 0 0 0 0 0 0 0 0 0 3 0 0 7 0 0 11 1 0 0 4 0 0 0 0 0 0 0 0 0 0 0 0 0 0 2 0 6 0 0 5 1 0 0 2 9 0 0 0 0 4 0 1 0 0 0 0 0 0 2 0 0 0 0 0 0 0 0 0 0 0 0 11 0 0 4 0 11 5 0
0 0 0 0 0 0 0 0 0 0 0 0 0 0 0 0 0 0 0 0 0 1 0 0 1 0 0 0 1 0 0 0 0 0 0 0 0 0 0 2 1 2 0 0 0 0 1 0 0 3 0 0 0 0 1 0 0 1 1 0 0 0 0 0 0 0 0 0 0 0 0 0 0 0 0 0 0 0 0 0 0 0 0 0 0 0 0 0 1 0 0 0 1 0 0 1 0 0 0 0 0 0 0 0 0 0 0 0 0 0 0 1 0 1 0 0 0 0 1 0 0 0 0 1 0 0 0 0 1 1 0 0 0 0 0 0 1 1 0 0 0 1 1 0 0 0 0 0 0 0 0 0 0 0 0 0 0 0 0 0 0 0 0 0 0 0 2 0 1 0 0 0 0 0 0 0 0 1 1 0 0 0 0 1 0 0 0 0 0 0 0 0 0 0 0 0 1 0 0 0 0 0 0 0 0 0 2 0 0 0 0 1 0 0 0 1 0 0 0 0 0 0 0 1 0 0 0 0 0 0 1 0 0 0 0 0 0 1 0 0 0 0 1 0 0 0 0 0 0 0 0 0 0 0 0 0
0 0 0 1 0 0 0 1 0 0 0 0 1 0 1 1 0 0 0 0 0 2 0 0 2 0 1 1 2 0 0 0 0 0 0 0 0 1 1 3 1 2 0 0 0 0 1 0 0 3 0 1 0 0 1 0 0 2 1 0 0 0 0 0 0 0 0 0 0 0 1 0 0 0 0 0 0 0 0 0 0 0 0 1 1 0 0 0 1 0 0 0 1 1 0 1 0 0 0 0 0 0 0 0 0 0 0 0 0 0 0 2 0 2 0 0 0 0 0 0 0 0 0 1 0 0 0 0 1 1 0 0 0 0 0 0 1 2 0 0 0 0 1 0 0 0 0 0 0 1 0 0 0 1 0 0 0 1 0 1 1 0 0 0 0 0 3 0 1 0 0 1 0 0 0 0 0 1 2 0 0 0 0 1 0 0 0 0 0 1 0 0 1 0 0 0 2 0 0 0 0 0 0 0 0 0 3 0 0 0 0 2 0 0 1 1 1 0 0 0 0 2 0 1 0 0 0 0 0 0 1 0 0 0 0 0 0 0 0 0 0 0 1 0 0 0 0 0 1 0 0 0 0 0 1 0
0 0 0 0 0 0 0 0 0 0 0 0 0 0 0 0 0 0 0 0 0 3 0 0 4 0 0 0 4 0 0 0 0 2 0 0 0 0 0 8 2 5 0 0 0 0 2 0 0 10 0 0 0 0 2 0 0 3 4 0 0 0 0 0 0 0 0 0 0 0 0 0 2 0 0 0 0 0 0 0 0 0 0 1 0 0 1 0 4 0 0 0 2 0 0 3 0 0 0 0 0 0 0 0 0 0 0 0 0 0 0 4 0 3 0 0 0 0 3 1 0 0 0 2 0 0 0 0 2 3 0 0 0 3 0 0 1 4 0 0 0 1 3 0 0 2 0 1 0 0 0 0 0 1 0 0 0 0 0 0 0 0 0 0 0 1 6 0 1 0 0 0 0 0 0 0 0 4 4 0 0 0 0 3 0 0 0 2 0 0 0 0 0 0 0 0 2 0 0 0 0 0 0 0 0 0 8 0 1 0 0 3 0 0 0 3 0 0 0 0 0 0 0 4 0 0 0 0 0 0 3 0 0 0 0 0 0 3 0 0 0 0 3 0 0 0 0 0 0 0 0 0 0 0 0 0
0 0 0 1 0 1 0 7 0 0 2 0 2 4 1 7 0 0 0 0 0 0 0 4 0 0 10 2 1 0 4 1 3 0 0 13 0 3 0 0 0 0 0 0 1 6 2 0 3 0 0 6 0 0 0 0 0 2 1 4 2 2 2 0 0 0 0 0 0 0 4 2 1 0 0 0 0 0 3 9 0 0 0 3 4 0 0 1 0 0 1 1 0 9 0 0 0 2 0 1 0 0 0 0 0 0 0 0 3 0 0 2 0 1 2 0 0 0 0 0 0 0 0 0 2 0 0 0 0 0 0 0 0 0 0 0 2 0 0 4 0 0 0 0 0 0 0 0 0 0 2 0 0 2 4 2 0 3 0 3 3 0 0 0 0 0 0 4 0 0 5 3 0 0 0 0 0 0 0 0 0 0 0 0 0 0 3 0 0 6 0 0 11 4 0 0 3 1 0 0 0 0 0 0 0 0 0 0 0 2 1 1 0 7 0 1 4 1 0 0 2 8 0 0 0 0 3 0 4 0 0 0 3 0 0 7 0 0 0 0 0 0 0 0 1 0 0 0 10 0 0 3 0 15 5 0
0 0 0 0 0 0 0 0 0 0 0 0 0 0 0 0 0 0 0 0 0 3 0 0 3 0 0 0 3 0 0 0 0 1 0 0 0 0 0 7 2 4 0 0 0 0 2 0 0 8 0 0 0 0 2 0 0 3 3 0 0 0 0 0 0 0 0 0 0 0 0 0 1 0 0 0 0 0 0 0 0 0 0 1 0 0 0 0 3 0 0 0 2 0 0 3 0 0 0 0 0 0 0 0 0 0 0 0 0 0 0 3 0 3 0 0 0 0 2 1 0 0 0 2 0 0 0 0 2 3 0 0 0 2 0 0 1 4 0 0 0 1 3 0 0 1 0 1 0 0 0 0 0 1 0 0 0 0 0 0 0 0 0 0 0 1 5 0 1 0 0 0 0 0 0 0 0 3 4 0 0 0 0 2 0 0 0 2 0 0 0 0 0 0 0 0 2 0 0 0 0 0 0 0 0 0 6 0 0 0 0 3 0 0 0 2 0 0 0 0 0 0 0 3 0 0 0 0 0 0 2 0 0 0 0 0 0 3 0 0 0 0 3 0 0 0 0 0 0 0 0 0 0 0 0 0
0 0 0 1 0 0 0 0 0 0 0 0 1 0 1 0 0 0 0 0 0 2 0 0 2 0 1 1 2 0 0 0 0 1 0 0 0 0 1 4 1 2 0 0 0 0 1 0 0 4 0 1 0 0 1 0 0 2 2 0 0 0 0 0 0 0 0 0 0 0 0 0 0 0 0 0 0 0 0 0 0 0 0 1 0 0 0 0 2 0 0 0 1 1 0 1 0 0 0 0 0 0 0 0 0 0 0 0 0 0 0 2 0 2 0 0 0 0 1 0 0 0 0 1 0 0 0 0 1 1 0 0 0 1 0 0 1 2 0 0 0 1 2 0 0 0 0 0 0 0 0 0 0 1 0 0 0 0 0 1 0 0 0 0 0 0 3 0 1 0 0 0 0 0 0 0 0 1 2 0 0 0 0 1 0 0 0 1 0 0 0 0 0 0 0 0 2 0 0 0 0 0 0 0 0 0 3 0 0 0 0 2 0 0 0 2 0 0 0 0 0 1 0 2 0 0 0 0 0 0 1 0 0 0 0 0 0 0 0 0 0 0 1 0 0 0 0 0 0 0 0 0 0 0 0 0
0 0 0 2 0 0 0 3 0 0 0 0 1 0 2 3 0 0 0 0 0 1 0 1 0 0 5 1 1 0 1 0 0 0 0 4 0 2 0 0 0 0 0 0 0 2 1 0 0 0 0 3 0 0 0 0 0 3 0 3 0 0 1 0 0 0 0 0 0 0 2 0 0 0 0 0 0 0 2 2 0 0 0 1 2 0 0 0 0 0 0 1 1 4 0 0 0 0 0 0 0 0 0 0 0 0 0 0 0 0 0 0 0 1 0 0 0 0 0 0 0 0 0 0 0 0 0 0 0 0 0 0 0 0 0 0 1 0 0 0 0 0 1 0 0 0 0 0 0 1 0 0 0 1 2 0 0 2 0 3 2 0 0 0 0 0 1 0 0 0 2 2 0 0 0 0 0 0 1 0 0 0 0 0 0 0 1 0 0 3 0 0 5 0 0 0 3 0 0 0 0 0 0 0 0 0 0 0 0 0 0 2 0 2 0 1 2 1 0 0 1 4 0 0 0 0 1 0 0 0 1 0 0 0 0 0 0 0 0 0 0 0 0 0 0 0 0 0 5 0 0 2 0 3 3 0
0 0 0 0 0 0 0 0 0 0 0 0 0 0 0 0 0 0 0 0 0 3 0 0 3 0 0 0 3 0 0 0 0 1 0 0 0 0 0 7 2 4 0 0 0 0 2 0 0 8 0 0 0 0 1 0 0 3 3 0 0 0 0 0 0 0 0 0 0 0 0 0 1 0 0 0 0 0 0 0 0 0 0 0 0 0 1 0 3 0 0 0 2 0 0 3 0 0 0 0 0 0 0 0 0 0 0 0 0 0 0 3 0 3 0 0 0 0 3 1 0 0 0 2 0 0 0 0 2 3 0 0 0 2 0 0 1 4 0 0 0 1 3 0 0 1 0 1 0 1 0 0 0 1 0 0 0 0 0 0 0 0 0 0 0 1 5 0 1 0 0 0 0 0 0 0 0 3 4 0 0 0 0 2 0 0 0 2 0 0 0 0 0 0 0 0 2 0 0 0 0 0 0 0 0 0 7 0 0 0 0 3 0 0 0 2 0 0 0 0 0 0 0 3 0 0 0 0 0 0 2 0 0 0 0 0 0 3 0 0 0 0 3 0 0 0 0 0 0 0 0 0 0 0 0 0
0 0 0 0 0 0 0 0 0 0 0 0 0 0 1 0 0 0 0 0 0 2 0 0 2 0 0 0 2 0 0 0 0 1 0 0 0 0 0 4 1 3 0 0 0 0 1 0 0 6 0 0 0 0 1 0 0 2 2 0 0 0 0 0 0 0 0 0 0 0 0 0 1 0 0 0 0 0 0 0 0 0 0 0 0 0 0 0 2 0 0 0 1 0 0 2 0 0 0 0 0 0 0 0 0 0 0 0 0 0 0 2 0 2 0 0 0 0 1 1 0 0 0 1 0 0 0 0 1 2 0 0 0 1 0 0 1 2 0 0 0 1 2 0 0 1 0 0 0 0 0 0 0 1 0 0 0 0 0 0 0 0 0 0 0 1 4 0 1 0 0 0 0 0 0 0 0 2 2 0 0 0 0 1 0 0 0 1 0 0 0 0 0 0 0 0 1 0 0 0 0 0 0 0 0 0 4 0 0 0 0 2 0 0 0 2 0 0 0 0 0 0 0 2 0 0 0 0 0 0 1 0 0 0 0 0 0 2 0 0 0 0 2 0 0 0 0 0 0 0 0 0 0 0 0 0
0 0 0 1 0 1 0 7 0 0 2 0 2 5 1 8 0 0 0 0 0 0 0 4 0 0 11 2 1 0 4 1 3 0 0 14 0 3 0 0 0 0 0 0 1 7 2 0 3 0 0 6 0 0 0 0 0 2 1 5 2 2 2 0 0 0 0 0 0 0 5 2 1 0 0 0 0 0 3 9 0 0 0 3 4 0 0 1 0 0 1 1 0 10 0 0 1 3 0 1 0 0 0 0 0 0 0 0 3 0 0 2 0 1 2 0 0 0 0 0 0 0 0 0 2 0 0 0 0 0 0 0 0 0 0 0 2 0 0 5 0 0 0 0 0 0 0 0 0 0 2 0 0 2 4 3 0 3 0 3 3 0 0 0 0 0 0 4 0 0 5 3 0 0 0 0 0 0 0 0 0 0 0 0 0 0 3 0 0 7 0 0 11 4 0 0 3 1 0 0 0 0 0 0 0 0 0 0 0 2 1 1 0 7 0 1 4 1 0 0 2 9 0 0 0 0 4 0 5 0 0 0 3 0 0 8 0 0 0 0 0 0 0 0 1 0 0 0 11 0 0 3 0 16 5 0
0 0 0 0 0 0 0 0 0 0 0 0 0 0 0 0 0 0 0 0 0 3 0 0 4 0 0 0 3 0 0 0 0 2 0 0 0 0 0 7 2 5 0 0 0 0 2 0 0 9 0 0 0 0 2 0 0 3 3 0 0 0 0 0 0 0 0 0 0 0 0 0 1 0 0 0 0 0 0 0 0 0 0 1 0 0 0 0 3 0 0 0 2 0 0 3 0 0 0 0 0 0 0 0 0 0 0 0 0 0 0 3 0 3 0 0 0 0 2 1 0 0 0 2 0 0 0 0 2 3 0 0 0 3 0 0 1 4 0 0 0 1 3 0 0 1 0 1 0 1 0 0 0 1 0 0 0 0 0 0 0 0 0 0 0 1 5 0 1 0 0 0 0 0 0 0 0 3 4 0 0 0 0 2 0 0 0 2 0 0 0 0 0 0 0 0 2 0 0 0 0 0 0 0 0 0 7 0 0 0 0 3 0 0 0 3 0 0 0 0 0 0 0 3 0 0 0 0 0 0 3 0 0 0 0 0 0 3 0 0 0 0 3 0 0 0 0 0 0 0 0 0 0 0 0 0
0 0 0 0 0 0 0 0 0 0 0 0 1 0 1 0 0 0 0 0 0 2 0 0 2 0 0 0 2 0 0 0 0 1 0 0 0 0 1 5 1 3 0 0 0 0 2 0 0 5 0 0 0 0 1 0 0 3 2 0 0 0 0 0 0 0 0 0 0 0 0 0 1 0 0 0 0 0 0 0 0 0 0 1 0 0 0 0 2 0 0 0 1 0 0 2 0 0 0 0 0 0 0 0 0 0 0 0 0 0 0 2 0 2 0 0 0 0 1 1 0 0 0 2 0 0 0 0 1 2 0 0 0 1 0 0 1 3 0 0 0 1 2 0 0 1 0 0 0 0 0 0 0 1 0 0 0 0 0 1 0 0 0 0 0 0 4 0 1 0 0 0 0 0 0 0 0 2 3 0 0 0 0 2 0 0 0 1 0 0 0 0 0 0 0 0 2 0 0 0 0 0 0 0 0 0 4 0 0 0 0 2 0 0 0 2 0 0 0 0 0 1 0 2 0 0 0 0 0 0 2 0 0 0 0 0 0 1 0 0 0 0 2 0 0 0 0 0 0 0 0 0 0 0 0 0
0 0 0 3 0 1 0 6 0 0 0 0 2 2 2 6 0 0 0 0 0 0 0 3 0 0 10 2 1 0 3 0 2 0 0 9 0 3 0 0 0 0 0 0 0 4 1 0 1 0 0 5 0 0 0 0 0 3 0 5 0 0 1 0 0 0 0 0 0 0 4 1 0 0 0 0 0 0 3 6 0 0 0 2 4 0 0 0 0 0 0 2 0 7 0 0 0 2 0 0 0 0 0 0 0 0 0 0 0 0 0 0 0 0 0 0 0 0 0 0 0 0 0 0 0 0 0 0 0 0 0 0 0 0 0 0 2 0 0 2 0 0 0 0 0 0 0 0 0 0 0 0 0 1 3 0 0 4 0 4 3 0 0 0 0 0 0 1 0 0 5 4 0 0 0 0 0 0 0 0 0 0 0 0 0 0 3 0 0 6 0 0 9 1 0 0 3 0 0 0 0 0 0 0 0 0 0 0 0 1 0 1 0 5 0 0 4 1 0 0 2 8 0 0 0 0 3 0 1 0 0 0 1 0 0 2 0 0 0 0 0 0 0 0 0 0 0 0 9 0 0 3 0 10 4 0
0 0 0 0 0 0 0 0 0 0 0 0 0 0 0 0 0 0 0 0 0 3 0 0 3 0 0 0 3 0 0 0 0 1 0 0 0 0 0 7 2 4 0 0 0 0 2 0 0 8 0 0 0 0 1 0 0 3 3 0 0 0 0 0 0 0 0 0 0 0 0 0 2 0 0 0 0 0 0 0 0 0 0 1 0 0 0 0 3 0 0 0 2 0 0 3 0 0 0 0 0 0 0 0 0 0 0 0 0 0 0 3 0 3 0 0 0 0 2 1 0 0 0 2 0 0 0 0 2 3 0 0 0 2 0 0 1 4 0 0 0 1 3 0 0 1 0 1 0 0 0 0 0 1 0 0 0 0 0 0 0 0 0 0 0 1 5 0 1 0 0 0 0 0 0 0 0 3 3 0 0 0 0 2 0 0 0 2 0 0 0 0 0 0 0 0 2 0 0 0 0 0 0 0 0 0 6 0 1 0 0 3 0 0 0 2 0 0 0 0 0 0 0 3 0 0 0 0 0 0 2 0 0 0 0 0 0 3 0 0 0 0 3 0 0 0 0 0 0 0 0 0 0 0 0 0
0 0 0 3 0 1 0 7 0 0 0 0 2 2 2 7 0 0 0 0 0 0 0 3 0 0 11 3 1 0 3 0 2 0 0 10 0 3 0 0 0 0 0 0 0 4 1 0 1 0 0 6 0 0 0 0 0 3 0 5 0 0 2 0 0 0 0 0 0 0 5 1 0 0 0 0 0 0 3 7 0 0 0 2 5 0 0 0 0 0 0 2 0 9 0 0 0 3 0 0 0 0 0 0 0 0 0 0 1 0 0 0 0 0 0 0 0 0 0 0 0 0 0 0 0 0 0 0 0 0 0 0 0 0 0 0 2 0 0 2 0 0 0 0 0 0 0 0 0 0 0 0 0 1 4 0 0 4 0 5 4 0 0 0 0 0 0 1 0 0 5 4 0 0 0 0 0 0 0 0 0 0 0 0 0 0 3 0 0 6 0 0 10 0 0 0 4 0 0 0 0 0 0 0 0 0 0 0 0 0 0 1 0 6 0 0 4 1 0 0 2 8 0 0 0 0 4 0 2 0 0 0 0 0 0 3 0 0 0 0 0 0 0 0 0 0 0 0 10 0 0 4 0 10 5 0
0 0 0 0 0 0 0 0 0 0 0 0 1 0 1 0 0 0 0 0 0 2 0 0 2 0 0 0 2 0 0 0 0 1 0 0 0 0 1 4 1 3 0 0 0 0 1 0 0 5 0 0 0 0 1 0 0 2 2 0 0 0 0 0 0 0 0 0 0 0 0 0 1 0 0 0 0 0 0 0 0 0 0 0 0 0 0 0 2 0 0 0 1 0 0 2 0 0 0 0 0 0 0 0 0 0 0 0 0 0 0 2 0 1 0 0 0 0 1 1 0 0 0 1 0 0 0 0 1 2 0 0 0 1 0 0 1 2 0 0 0 1 2 0 0 1 0 0 0 1 0 0 0 1 0 0 0 0 0 0 0 0 0 0 0 0 3 0 1 0 0 0 0 0 0 0 0 2 2 0 0 0 0 2 0 0 0 1 0 0 0 0 0 0 0 0 1 0 0 0 0 0 0 0 0 0 3 0 0 0 0 2 0 0 0 2 0 0 0 0 0 0 0 2 0 0 0 0 0 0 1 0 0 0 0 0 0 1 0 0 0 0 2 0 0 0 0 0 0 0 0 0 0 0 0 0
0 0 0 2 0 1 0 6 0 0 0 0 2 3 1 6 0 0 0 0 0 0 0 3 0 0 9 2 1 0 3 0 2 0 0 10 0 3 0 0 0 0 0 0 0 5 1 0 1 0 0 5 0 0 0 0 0 2 1 4 1 1 2 0 0 0 0 0 0 0 4 2 0 0 0 0 0 0 3 6 0 0 0 2 4 0 0 0 0 0 1 1 0 8 0 0 0 2 0 0 0 0 0 0 0 0 0 0 1 0 0 1 0 1 1 0 0 0 0 0 0 0 0 0 1 0 0 0 0 0 0 0 0 0 0 0 2 0 0 2 0 0 0 0 0 0 0 0 0 0 1 0 0 1 3 0 0 3 0 4 3 0 0 0 0 0 0 2 0 0 4 3 0 0 0 0 0 0 0 0 0 0 0 0 0 0 3 0 0 6 0 0 9 2 0 0 3 1 0 0 0 0 0 0 0 0 0 0 0 2 0 1 0 5 0 1 4 1 0 0 2 7 0 0 0 0 3 0 2 0 0 0 1 0 0 4 0 0 0 0 0 0 0 0 0 0 0 0 9 0 0 3 0 11 4 0
0 0 0 0 0 0 0 0 0 0 0 0 0 0 0 0 0 0 0 0 0 3 0 0 3 0 0 0 3 0 0 0 0 1 0 0 0 0 1 7 2 4 0 0 0 0 2 0 0 8 0 0 0 0 2 0 0 3 3 0 0 0 0 0 0 0 0 0 0 0 0 0 2 0 0 0 0 0 0 0 0 0 0 1 0 0 0 0 3 0 0 0 2 0 0 3 0 0 0 0 0 0 0 0 0 0 0 0 0 0 0 3 0 3 0 0 0 0 2 1 0 0 0 2 0 0 0 0 2 3 0 0 0 2 0 0 1 4 0 0 0 1 3 0 0 1 0 1 0 1 0 0 0 1 0 0 0 0 0 0 0 0 0 0 0 1 5 0 2 0 0 0 0 0 0 0 0 3 4 0 0 0 0 2 0 0 0 1 0 0 0 0 0 0 0 0 2 0 0 0 0 0 0 0 0 0 7 0 0 0 0 3 0 0 0 3 0 0 0 0 0 0 0 3 0 0 0 0 0 0 2 0 0 0 0 0 0 3 0 0 0 0 3 0 0 0 0 0 0 0 0 0 0 0 0 0
0 0 0 0 0 0 0 0 0 0 0 0 0 0 0 0 0 0 0 0 0 0 0 0 0 0 0 0 0 0 0 0 0 0 0 0 0 0 0 0 0 0 0 0 0 0 0 0 0 0 0 0 0 0 0 0 0 0 0 0 0 0 0 0 0 0 0 0 0 0 0 0 0 0 0 0 0 0 0 0 0 0 0 0 0 0 0 0 0 0 0 0 0 0 0 0 0 0 0 0 0 0 0 0 0 0 0 0 0 0 0 0 0 0 0 0 0 0 0 0 0 0 0 0 0 0 0 0 0 0 0 0 0 0 0 0 0 0 0 0 0 0 0 0 0 0 0 0 0 0 0 0 0 0 0 0 0 0 0 0 0 0 0 0 0 0 0 0 0 0 0 0 0 0 0 0 0 0 0 0 0 0 0 0 0 0 0 0 0 0 0 0 0 0 0 0 0 0 0 0 0 0 0 0 0 0 0 0 0 0 0 0 0 0 0 0 0 0 0 0 0 0 0 0 0 0 0 0 0 0 0 0 0 0 0 0 0 0 0 0 0 0 0 0 0 0 0 0 0 0 0 0 0 0 0 0
0 0 0 3 0 1 0 6 0 0 0 0 2 1 2 5 0 0 0 0 0 0 0 3 0 0 9 2 0 0 2 0 1 0 0 8 0 3 0 0 0 0 0 0 0 3 1 0 1 0 0 5 0 0 0 0 0 3 0 5 0 0 2 0 0 0 0 0 0 0 4 0 0 0 0 0 0 0 3 5 0 0 0 1 4 0 0 0 0 0 0 2 0 7 0 0 0 2 0 0 0 0 0 0 0 0 0 0 0 0 0 0 0 0 0 0 0 0 0 0 0 0 0 0 0 0 0 0 0 0 0 0 0 0 0 0 2 0 0 1 0 0 0 0 0 0 0 0 0 0 0 0 0 1 3 0 0 3 0 4 3 0 0 0 0 0 0 0 0 0 4 4 0 0 0 0 0 0 0 0 0 0 0 0 0 0 3 0 0 5 0 0 8 0 0 0 4 0 0 0 0 0 0 0 0 0 0 0 0 0 0 1 0 5 0 1 4 1 0 0 2 7 0 0 0 0 3 0 1 0 0 0 0 0 0 1 0 0 0 0 0 0 0 0 0 0 0 0 9 0 0 3 0 8 4 0
0 0 0 5 0 3 0 14 0 0 1 0 4 7 3 14 0 0 0 0 0 0 0 7 0 0 21 5 2 0 7 0 5 0 0 23 0 6 0 0 0 0 0 0 0 11 2 0 3 0 0 12 0 0 0 0 0 5 1 10 2 1 3 0 0 0 0 0 0 0 9 3 0 0 0 0 0 0 6 15 0 0 0 4 8 0 0 1 0 0 1 3 0 18 0 0 0 5 0 0 0 0 0 0 0 0 0 0 3 0 0 2 0 2 2 0 0 0 0 0 0 0 0 0 2 0 0 0 0 0 0 0 0 0 0 0 4 0 0 6 0 0 0 0 0 0 0 0 0 0 1 0 0 3 8 1 0 7 0 8 7 0 0 0 0 0 0 5 0 0 10 7 0 0 0 0 0 0 0 0 0 0 0 0 0 0 6 1 0 12 0 0 21 5 0 0 7 1 0 0 0 0 0 0 0 0 0 0 0 3 1 2 0 13 0 1 9 2 0 0 4 16 0 0 0 0 7 0 5 0 0 0 3 0 0 9 0 0 0 0 0 0 0 0 0 0 0 0 20 0 0 6 0 24 9 0
0 0 0 5 0 2 0 12 0 0 1 0 3 6 3 12 0 0 0 0 0 0 0 6 0 0 18 4 1 0 5 0 4 0 0 19 0 5 0 0 0 0 0 0 0 8 2 0 2 0 0 10 0 0 0 0 0 4 1 8 1 1 3 0 0 0 0 0 0 0 8 2 0 0 0 0 0 0 5 12 0 0 0 3 7 0 0 0 0 0 1 3 0 15 0 0 0 4 0 0 0 0 0 0 0 0 0 0 2 0 0 1 0 1 1 0 0 0 0 0 0 0 0 0 1 0 0 0 0 0 0 0 0 0 0 0 3 0 0 4 0 0 0 0 0 0 0 0 0 0 0 0 0 3 6 0 0 6 0 7 5 0 0 0 0 0 0 3 0 0 8 6 0 0 0 0 0 0 0 0 0 0 0 0 0 0 5 0 0 10 0 0 18 3 0 0 6 1 0 0 0 0 0 0 0 0 0 0 0 2 1 2 0 10 0 1 7 2 0 0 4 14 0 0 0 0 6 0 4 0 0 0 2 0 0 7 0 0 0 0 0 0 0 0 0 0 0 0 17 0 0 6 0 19 8 0
0 0 0 0 0 0 0 0 0 0 0 0 1 0 1 0 0 0 0 0 0 2 0 0 3 0 0 0 3 0 0 0 0 1 0 0 0 0 0 5 1 3 0 0 0 0 2 0 0 6 0 0 0 0 1 0 0 3 2 0 0 0 0 0 0 0 0 0 0 0 0 0 1 0 0 0 0 0 0 0 0 0 0 0 0 0 0 0 2 0 0 0 2 0 0 2 0 0 0 0 0 0 0 0 0 0 0 0 0 0 0 2 0 2 0 0 0 0 1 1 0 0 0 2 0 0 0 0 2 2 0 0 0 1 0 0 1 3 0 0 0 1 2 0 0 1 0 0 0 0 0 0 0 1 0 0 0 0 0 0 0 0 0 0 0 0 4 0 2 0 0 0 0 0 0 0 0 2 3 0 0 0 0 2 0 0 0 1 0 0 0 0 0 0 0 0 2 0 0 0 0 0 0 0 0 0 5 0 0 0 0 2 0 0 0 2 0 0 0 0 0 0 0 2 0 0 0 0 0 0 2 0 0 0 0 0 0 1 0 0 0 0 2 0 0 0 0 0 0 0 0 0 0 0 0 0
0 0 0 1 0 0 0 1 0 0 0 0 1 0 1 2 0 0 0 0 0 1 0 1 0 0 3 1 1 0 0 0 0 0 0 2 0 1 0 1 0 1 0 0 0 1 1 0 0 1 0 2 0 0 0 0 0 2 1 1 0 0 0 0 0 0 0 0 0 0 1 0 1 0 0 0 0 0 1 1 0 0 0 1 1 0 0 0 1 0 0 0 1 2 0 0 0 0 0 0 0 0 0 0 0 0 0 0 0 0 0 1 0 1 0 0 0 0 0 0 0 0 0 0 0 0 0 0 0 0 0 0 0 0 0 0 0 1 0 0 0 0 1 0 0 1 0 0 0 0 0 0 0 1 1 0 0 1 0 2 1 0 0 0 0 0 2 0 0 0 1 1 0 0 0 0 0 1 0 0 0 0 0 1 0 0 0 0 0 1 0 0 2 0 0 0 2 0 0 0 0 0 0 0 0 0 2 0 0 0 0 1 0 1 0 1 1 0 0 0 1 2 0 1 0 0 1 0 0 0 1 0 0 0 0 0 0 0 0 0 0 0 1 0 0 0 0 0 2 0 0 1 0 1 1 0
0 0 0 2 0 1 0 5 0 0 0 0 1 1 2 4 0 0 0 0 0 0 0 2 0 0 7 2 0 0 2 0 1 0 0 6 0 2 0 0 0 0 0 0 0 3 1 0 1 0 0 4 0 0 0 0 0 3 0 4 0 0 1 0 0 0 0 0 0 0 3 0 0 0 0 0 0 0 2 4 0 0 0 1 3 0 0 0 0 0 0 2 0 6 0 0 0 2 0 0 0 0 0 0 0 0 0 0 0 0 0 0 0 0 0 0 0 0 0 0 0 0 0 0 0 0 0 0 0 0 0 0 0 0 0 0 2 0 0 1 0 0 0 0 0 0 0 0 0 0 0 0 0 1 2 0 0 2 0 3 2 0 0 0 0 0 0 0 0 0 3 3 0 0 0 0 0 0 0 0 0 0 0 0 0 0 2 0 0 4 0 0 6 0 0 0 3 0 0 0 0 0 0 0 0 0 0 0 0 0 0 1 0 3 0 0 3 1 0 0 1 5 0 0 0 0 3 0 1 0 0 0 0 0 0 1 0 0 0 0 0 0 0 0 0 0 0 0 6 0 0 2 0 6 3 0
0 0 0 0 0 0 0 0 0 0 0 0 0 0 0 0 0 0 0 0 0 3 0 0 3 0 0 0 3 0 0 0 0 1 0 0 0 0 1 6 2 4 0 0 0 0 2 0 0 8 0 0 0 0 1 0 0 3 3 0 0 0 0 0 0 0 0 0 0 0 0 0 1 0 0 0 0 0 0 0 0 0 0 1 0 0 0 0 3 0 0 0 2 0 0 2 0 0 0 0 0 0 0 0 0 0 0 0 0 0 0 3 0 3 0 0 0 0 2 1 0 0 0 2 0 0 0 0 2 3 0 0 0 2 0 0 1 4 0 0 0 1 3 0 0 1 0 0 0 1 0 0 0 1 0 0 0 0 0 0 0 0 0 0 0 1 5 0 2 0 0 0 0 0 0 0 0 3 3 0 0 0 0 2 0 0 0 1 0 0 0 0 0 0 0 0 2 0 0 0 0 0 0 0 0 0 6 0 0 0 0 3 0 0 0 3 0 0 0 0 0 0 0 3 0 0 0 0 0 0 2 0 0 0 0 0 0 2 0 0 0 0 3 0 0 0 0 0 0 0 0 0 0 0 0 0
0 0 0 0 0 0 0 0 0 0 0 0 0 0 0 0 0 0 0 0 0 3 0 0 3 0 0 0 3 0 0 0 0 1 0 0 0 0 0 6 2 4 0 0 0 0 2 0 0 8 0 0 0 0 1 0 0 2 3 0 0 0 0 0 0 0 0 0 0 0 0 0 1 0 0 0 0 0 0 0 0 0 0 1 0 0 0 0 3 0 0 0 2 0 0 3 0 0 0 0 0 0 0 0 0 0 0 0 0 0 0 3 0 2 0 0 0 0 2 1 0 0 0 2 0 0 0 0 2 3 0 0 0 2 0 0 1 4 0 0 0 1 2 0 0 1 0 1 0 0 0 0 0 1 0 0 0 0 0 0 0 0 0 0 0 1 5 0 1 0 0 0 0 0 0 0 0 3 3 0 0 0 0 2 0 0 0 2 0 0 0 1 0 0 0 0 2 0 0 0 0 0 0 0 0 0 6 0 1 0 0 3 0 0 0 2 0 0 0 0 0 0 0 3 0 0 0 0 0 0 2 0 0 0 0 0 0 3 0 0 0 0 3 0 0 0 0 0 0 0 0 0 0 0 0 0
0 0 0 2 0 1 0 6 0 0 1 0 2 4 1 7 0 0 0 0 0 0 0 3 0 0 9 2 1 0 3 1 2 0 0 12 0 2 0 0 0 0 0 0 0 5 1 0 2 0 0 5 0 0 0 0 0 2 1 4 1 1 2 0 0 0 0 0 0 0 4 2 0 0 0 0 0 0 3 8 0 0 0 2 4 0 0 1 0 0 1 1 0 8 0 0 1 2 0 1 0 0 0 0 0 0 0 0 3 0 0 2 0 1 2 0 0 0 0 0 0 0 0 0 1 0 0 0 0 0 0 0 0 0 0 0 2 0 0 4 0 0 0 0 0 0 0 0 0 0 2 0 0 2 3 2 0 3 0 3 3 0 0 0 0 0 0 3 0 0 4 3 0 0 0 0 0 0 0 0 0 0 0 0 0 0 3 0 0 6 0 0 10 3 0 0 3 1 0 0 0 0 0 0 0 0 0 0 0 2 1 1 0 6 0 1 4 1 0 0 2 7 0 0 0 0 3 0 3 0 0 0 2 0 0 6 0 0 0 0 0 0 0 0 1 0 0 0 9 0 0 3 0 13 4 0
0 0 0 0 0 0 0 2 0 0 0 0 1 0 0 0 0 0 0 0 0 1 0 1 0 0 3 0 1 0 0 1 0 0 0 4 0 0 0 0 1 1 0 0 0 0 1 0 0 2 2 2 0 0 0 0 0 2 2 1 0 0 0 0 0 0 0 0 0 0 1 0 0 0 0 0 0 0 2 2 0 0 0 0 0 0 0 0 1 0 0 0 0 3 0 0 0 0 0 1 0 0 0 0 0 1 0 0 2 0 0 2 0 1 1 0 0 0 0 0 0 0 0 0 1 0 0 0 0 1 0 0 0 0 0 0 1 1 0 1 0 1 1 0 0 0 0 0 1 0 0 0 0 1 1 1 0 0 0 0 2 0 0 0 0 0 1 0 0 0 0 1 0 0 0 0 0 0 1 0 0 0 0 0 0 0 0 0 0 0 0 0 0 0 0 0 1 0 0 0 0 0 0 0 0 1 1 0 0 0 0 0 0 0 0 1 0 0 0 0 0 2 0 0 0 0 1 0 1 0 1 0 0 0 0 1 0 0 1 0 1 0 1 0 1 0 0 0 2 0 0 0 0 1 2 0
0 0 0 2 0 1 0 6 0 0 0 0 1 2 2 5 0 0 0 0 0 0 0 2 0 0 8 2 0 0 2 0 2 0 0 8 0 3 0 0 0 0 0 0 0 4 1 0 1 0 0 5 0 0 0 0 0 2 0 4 0 0 1 0 0 0 0 0 0 0 4 1 0 0 0 0 0 0 2 5 0 0 0 1 4 0 0 0 0 0 0 1 0 6 0 0 0 2 0 0 0 0 0 0 0 0 0 0 1 0 0 0 0 0 0 0 0 0 0 0 0 0 0 0 0 0 0 0 0 0 0 0 0 0 0 0 1 0 0 2 0 0 0 0 0 0 0 0 0 0 0 0 0 1 3 0 0 3 0 4 3 0 0 0 0 0 0 1 0 0 4 3 0 0 0 0 0 0 0 0 0 0 0 0 0 0 2 0 0 5 0 0 8 1 0 0 3 0 0 0 0 0 0 0 0 0 0 0 0 1 0 1 0 5 0 0 4 1 0 0 2 6 0 0 0 0 3 0 1 0 0 0 0 0 0 2 0 0 0 0 0 0 0 0 0 0 0 0 8 0 0 3 0 8 4 0
0 0 0 2 0 1 0 6 0 0 1 0 2 3 1 6 0 0 0 0 0 0 0 3 0 0 8 2 1 0 3 0 2 0 0 10 0 2 0 0 0 0 0 0 0 5 1 0 2 0 0 5 0 0 0 0 0 2 1 4 1 1 1 0 0 0 0 0 0 0 4 1 0 0 0 0 0 0 3 7 0 0 0 2 4 0 0 0 0 0 0 1 0 7 0 0 0 2 0 0 0 0 0 0 0 0 0 0 2 0 0 1 0 1 1 0 0 0 0 0 0 0 0 0 1 0 0 0 0 0 0 0 0 0 0 0 1 0 0 3 0 0 0 0 0 0 0 0 0 0 0 0 0 1 3 1 0 3 0 3 3 0 0 0 0 0 0 2 0 0 4 3 0 0 0 0 0 0 0 0 0 0 0 0 0 0 2 0 0 5 0 0 9 2 0 0 3 1 0 0 0 0 0 0 0 0 0 0 0 1 1 1 0 6 0 0 4 1 0 0 2 7 0 0 0 0 3 0 3 0 0 0 1 0 0 4 0 0 0 0 0 0 0 0 0 0 0 0 9 0 0 3 0 11 4 0
0 0 0 0 0 0 0 0 0 0 0 0 0 0 0 0 0 0 0 0 0 2 0 0 2 0 0 0 2 0 0 0 0 1 0 0 0 0 0 4 1 3 0 0 0 0 1 0 0 5 0 0 0 0 1 0 0 2 2 0 0 0 0 0 0 0 0 0 0 0 0 0 1 0 0 0 0 0 0 0 0 0 0 0 0 0 0 0 2 0 0 0 1 0 0 2 0 0 0 0 0 0 0 0 0 0 0 0 0 0 0 2 0 1 0 0 0 0 1 1 0 0 0 1 0 0 0 0 1 2 0 0 0 1 0 0 1 2 0 0 0 1 2 0 0 1 0 1 0 0 0 0 0 1 0 0 0 0 0 0 0 0 0 0 0 1 3 0 1 0 0 0 0 0 0 0 0 2 2 0 0 0 0 1 0 0 0 1 0 0 0 0 0 0 0 0 1 0 0 0 0 0 0 0 0 0 4 0 0 0 0 2 0 0 0 1 0 0 0 0 0 0 0 2 0 0 0 0 0 0 2 0 0 0 0 0 0 2 0 0 0 0 2 0 0 0 0 0 0 0 0 0 0 0 0 0
0 0 0 2 0 0 0 3 0 0 0 0 1 0 1 3 0 0 0 0 0 0 0 1 0 0 5 1 1 0 1 0 0 0 0 4 0 1 0 0 0 0 0 0 0 1 1 0 0 0 0 3 0 0 0 0 0 2 0 3 0 0 1 0 0 0 0 0 0 0 2 0 0 0 0 0 0 0 1 2 0 0 0 1 2 0 0 0 0 0 0 1 0 4 0 0 0 0 0 0 0 0 0 0 0 0 0 0 0 0 0 0 0 0 0 0 0 0 0 0 0 0 0 0 0 0 0 0 0 0 0 0 0 0 0 0 1 0 0 0 0 0 0 0 0 0 0 0 0 0 0 0 0 0 1 0 0 2 0 3 2 0 0 0 0 0 0 0 0 0 2 2 0 0 0 0 0 0 0 0 0 0 0 0 0 0 1 0 0 3 0 0 4 0 0 0 2 0 0 0 0 0 0 0 0 0 0 0 0 0 0 1 0 2 0 0 2 1 0 0 1 3 0 0 0 0 1 0 0 0 0 0 0 0 0 0 0 0 0 0 0 0 0 0 0 0 0 0 5 0 0 1 0 3 2 0
0 0 0 0 0 0 0 0 0 0 0 0 1 0 1 0 0 0 0 0 0 2 0 0 3 0 1 0 2 0 0 0 0 1 0 0 0 0 1 4 1 3 0 0 0 0 2 0 0 6 0 0 0 0 1 0 0 3 2 0 0 0 0 0 0 0 0 0 0 0 0 0 1 0 0 0 0 0 0 0 0 0 0 0 0 0 0 0 2 0 0 0 1 0 0 2 0 0 0 0 0 0 0 0 0 0 0 0 0 0 0 2 0 2 0 0 0 0 1 1 0 0 0 2 0 0 0 0 2 2 0 0 0 1 0 0 1 3 0 0 0 1 2 0 0 1 0 0 0 0 0 0 0 1 0 0 0 0 0 1 0 0 0 0 0 0 4 0 1 0 0 0 0 0 0 0 0 2 2 0 0 0 0 2 0 0 0 1 0 1 0 0 0 0 0 0 2 0 0 0 0 0 0 0 0 0 4 0 0 0 0 2 0 0 0 2 0 0 0 0 0 1 0 2 0 0 0 0 0 0 2 0 0 0 0 0 0 1 0 0 0 0 2 0 0 0 0 0 0 0 0 0 0 0 0 0
0 0 0 2 0 1 0 3 0 0 0 0 1 0 1 3 0 0 0 0 0 0 0 1 0 0 5 1 1 0 1 0 0 0 0 3 0 1 0 0 0 0 0 0 0 1 1 0 0 0 0 3 0 0 0 0 0 3 0 2 0 0 1 0 0 0 0 0 0 0 2 0 0 0 0 0 0 0 1 2 0 0 0 1 2 0 0 0 1 0 0 1 0 4 0 0 0 0 0 0 0 0 0 0 0 0 0 0 0 0 0 1 0 1 0 0 0 0 0 0 0 0 0 0 0 0 0 0 0 0 0 0 0 0 0 0 1 1 0 0 0 0 1 0 0 0 0 0 0 1 0 0 0 1 1 0 0 2 0 3 2 0 0 0 0 0 1 0 0 0 2 2 0 0 0 0 0 0 0 0 0 0 0 0 0 0 1 0 0 3 0 0 4 0 0 0 2 0 0 0 0 0 0 0 0 0 0 0 0 0 0 2 0 1 0 1 2 1 0 0 1 4 0 0 0 0 1 0 0 0 0 0 0 0 0 0 0 0 0 0 0 0 0 0 0 0 0 0 4 0 0 1 0 2 2 0
0 0 0 4 0 1 0 9 0 0 0 0 2 3 3 8 0 0 0 0 0 0 0 4 0 0 13 3 1 0 3 0 2 0 0 12 0 4 0 0 0 0 0 0 0 6 1 0 1 0 0 7 0 0 0 0 0 4 1 6 0 0 2 0 0 0 0 0 0 0 6 1 0 0 0 0 0 0 4 8 0 0 0 2 5 0 0 0 0 0 0 2 0 11 0 0 0 3 0 0 0 0 0 0 0 0 0 0 1 0 0 0 0 1 0 0 0 0 0 0 0 0 0 0 0 0 0 0 0 0 0 0 0 0 0 0 3 0 0 2 0 0 0 0 0 0 0 0 0 0 0 0 0 1 4 0 0 5 0 6 4 0 0 0 0 0 0 1 0 0 6 5 0 0 0 0 0 0 0 0 0 0 0 0 0 0 4 0 0 7 0 0 12 1 0 0 5 0 0 0 0 0 0 0 0 0 0 0 0 1 0 2 0 7 0 1 5 1 0 0 3 10 0 0 0 0 4 0 2 0 0 0 0 0 0 3 0 0 0 0 0 0 0 0 0 0 0 0 12 0 0 4 0 12 6 0
0 0 0 0 0 0 0 0 0 0 0 0 0 0 0 0 0 0 0 0 0 3 0 0 3 0 0 0 3 0 0 0 0 2 0 0 0 0 0 7 2 4 0 0 0 0 2 0 0 8 0 0 0 0 2 0 0 3 3 0 0 0 0 0 0 0 0 0 0 0 0 0 1 0 0 0 0 0 0 0 0 0 0 1 0 0 0 0 3 0 0 0 2 0 0 3 0 0 0 0 0 0 0 0 0 0 0 0 0 0 0 3 0 3 0 0 0 0 3 1 0 0 0 2 0 0 0 0 2 3 0 0 0 2 0 0 1 4 0 0 0 1 3 0 0 1 0 1 0 0 0 0 0 1 0 0 0 0 0 0 0 0 0 0 0 1 5 0 1 0 0 0 0 0 0 0 0 3 4 0 0 0 0 2 0 0 0 2 0 0 0 0 0 0 0 0 2 0 0 0 0 0 0 0 0 0 7 0 0 0 0 3 0 0 0 2 0 0 0 0 0 0 0 3 0 0 0 0 0 0 2 0 0 0 0 0 0 3 0 0 0 0 3 0 0 0 0 0 0 0 0 0 0 0 0 0
0 0 0 3 0 1 0 5 0 0 0 0 2 1 2 4 0 0 0 0 0 0 0 2 0 0 8 2 1 0 2 0 1 0 0 7 0 3 0 0 0 0 0 0 0 3 1 0 0 0 0 5 0 0 0 0 0 3 0 4 0 0 1 0 0 0 0 0 0 0 4 0 0 0 0 0 0 0 2 4 0 0 0 1 4 0 0 0 0 0 0 2 0 7 0 0 0 2 0 0 0 0 0 0 0 0 0 0 0 0 0 0 0 0 0 0 0 0 0 0 0 0 0 0 0 0 0 0 0 0 0 0 0 0 0 0 2 0 0 1 0 0 0 0 0 0 0 0 0 0 0 0 0 1 3 0 0 3 0 4 3 0 0 0 0 0 0 0 0 0 4 3 0 0 0 0 0 0 0 0 0 0 0 0 0 0 3 0 0 4 0 0 7 0 0 0 3 0 0 0 0 0 0 0 0 0 0 0 0 0 0 2 0 4 0 0 3 1 0 0 2 6 0 0 0 0 3 0 0 0 0 0 0 0 0 0 0 0 0 0 0 0 0 0 0 0 0 0 7 0 0 3 0 6 4 0
0 0 0 5 0 2 0 12 0 0 0 0 3 5 3 12 0 0 0 0 0 0 0 6 0 0 17 4 1 0 5 0 4 0 0 18 0 5 0 0 0 0 0 0 0 8 2 0 2 0 0 10 0 0 0 0 0 5 1 8 1 1 3 0 0 0 0 0 0 0 8 2 0 0 0 0 0 0 5 12 0 0 0 3 7 0 0 0 0 0 1 3 0 14 0 0 0 4 0 0 0 0 0 0 0 0 0 0 2 0 0 1 0 1 1 0 0 0 0 0 0 0 0 0 1 0 0 0 0 0 0 0 0 0 0 0 3 0 0 4 0 0 0 0 0 0 0 0 0 0 0 0 0 2 6 0 0 6 0 7 5 0 0 0 0 0 0 3 0 0 8 6 0 0 0 0 0 0 0 0 0 0 0 0 0 0 5 1 0 10 0 0 17 3 0 0 6 0 0 0 0 0 0 0 0 0 0 0 0 2 1 2 0 10 0 1 7 2 0 0 3 13 0 0 0 0 6 0 3 0 0 0 2 0 0 6 0 0 0 0 0 0 0 0 0 0 0 0 16 0 0 6 0 19 8 0
0 0 0 4 0 1 0 9 0 0 0 0 2 4 3 9 0 0 0 0 0 0 0 4 0 0 13 3 1 0 4 0 2 0 0 13 0 4 0 0 0 0 0 0 0 6 2 0 1 0 0 8 0 0 0 0 0 4 1 7 0 0 2 0 0 0 0 0 0 0 6 1 0 0 0 0 0 0 4 9 0 0 0 2 6 0 0 0 0 0 0 2 0 11 0 0 0 3 0 0 0 0 0 0 0 0 0 0 1 0 0 1 0 0 0 0 0 0 0 0 0 0 0 0 0 0 0 0 0 0 0 0 0 0 0 0 3 0 0 3 0 0 0 0 0 0 0 0 0 0 0 0 0 2 5 0 0 5 0 6 4 0 0 0 0 0 0 1 0 0 6 5 0 0 0 0 0 0 0 0 0 0 0 0 0 0 4 0 0 8 0 0 13 1 0 0 4 0 0 0 0 0 0 0 0 0 0 0 0 1 0 2 0 7 0 1 6 1 0 0 3 11 0 0 0 0 5 0 2 0 0 0 1 0 0 4 0 0 0 0 0 0 0 0 0 0 0 0 13 0 0 4 0 13 6 0
0 0 0 0 0 0 0 0 0 0 0 0 0 0 0 0 0 0 0 0 0 3 0 0 4 0 0 0 4 0 0 0 0 2 0 0 0 0 0 8 2 5 0 0 0 0 2 0 0 10 0 0 0 0 2 0 0 3 3 0 0 0 0 0 0 0 0 0 0 0 0 0 2 0 0 0 0 0 0 0 0 0 0 1 0 0 1 0 3 0 0 0 2 0 0 3 0 0 0 0 0 0 0 0 0 0 0 0 0 0 0 3 0 3 0 0 0 0 3 1 0 0 0 3 0 0 0 0 2 3 0 0 0 3 0 0 1 4 0 0 0 1 3 0 0 1 0 1 0 0 0 0 0 1 0 0 0 0 0 0 0 0 0 0 0 1 6 0 1 0 0 0 0 0 0 0 0 3 4 0 0 0 0 2 0 0 0 2 0 0 0 0 0 0 0 0 2 0 0 0 0 0 0 0 0 0 7 0 0 0 0 3 0 0 0 3 0 0 0 0 0 0 0 4 0 0 0 0 0 0 3 0 0 0 0 0 0 3 0 0 0 0 3 0 0 0 0 0 0 0 0 0 0 0 0 0
0 0 0 0 0 0 0 0 0 0 0 0 0 0 1 0 0 0 0 0 0 2 0 0 3 0 0 0 3 0 0 0 0 1 0 0 0 0 1 6 2 4 0 0 0 0 2 0 0 7 0 0 0 0 1 0 0 3 3 0 0 0 0 0 0 0 0 0 0 0 0 0 1 0 0 0 0 0 0 0 0 0 0 0 0 0 0 0 2 0 0 0 2 0 0 2 0 0 0 0 0 0 0 0 0 0 0 0 0 0 0 3 0 2 0 0 0 0 2 1 0 0 0 2 0 0 0 0 2 2 0 0 0 2 0 0 1 3 0 0 0 1 2 0 0 1 0 0 0 0 0 0 0 1 0 0 0 0 0 0 0 0 0 0 0 1 4 0 1 0 0 0 0 0 0 0 0 3 3 0 0 0 0 2 0 0 0 1 0 0 0 0 0 0 0 0 2 0 0 0 0 0 0 0 0 0 5 0 1 0 0 2 0 0 0 2 0 0 0 0 0 0 0 3 0 0 0 0 0 0 2 0 0 0 0 0 0 2 0 0 0 0 2 0 0 0 0 0 0 0 0 0 0 0 0 0
0 0 0 0 0 0 0 0 0 0 0 0 0 0 0 0 0 0 0 0 0 3 0 0 3 0 0 0 3 0 0 0 0 1 0 0 0 0 0 6 2 4 0 0 0 0 2 0 0 8 0 0 0 0 1 0 0 3 3 0 0 0 0 0 0 0 0 0 0 0 0 0 2 0 0 0 0 0 0 0 0 0 0 0 0 0 0 0 3 0 0 0 2 0 0 3 0 0 0 0 0 0 0 0 0 0 0 0 0 0 0 3 0 2 0 0 0 0 2 1 0 0 0 2 0 0 0 0 2 3 0 0 0 2 0 0 1 4 0 0 0 1 2 0 0 1 0 1 0 0 0 0 0 1 0 0 0 0 0 0 0 0 0 0 0 1 5 0 1 0 0 0 0 0 0 0 0 3 3 0 0 0 0 2 0 0 0 2 0 0 0 1 0 0 0 0 2 0 0 0 0 0 0 0 0 0 6 0 0 0 0 2 0 0 0 2 0 0 0 0 0 0 0 3 0 0 0 0 0 0 2 0 0 0 0 0 0 3 0 0 0 0 3 0 0 0 0 0 0 0 0 0 0 0 0 0
0 0 0 3 0 0 0 5 0 0 0 0 1 1 2 4 0 0 0 0 0 0 0 2 0 0 7 2 0 0 2 0 1 0 0 6 0 2 0 0 0 0 0 0 0 2 1 0 0 0 0 4 0 0 0 0 0 3 0 4 0 0 1 0 0 0 0 0 0 0 3 0 0 0 0 0 0 0 2 3 0 0 0 1 3 0 0 0 0 0 0 2 0 6 0 0 0 1 0 0 0 0 0 0 0 0 0 0 0 0 0 0 0 0 0 0 0 0 0 0 0 0 0 0 0 0 0 0 0 0 0 0 0 0 0 0 1 0 0 1 0 0 0 0 0 0 0 0 0 0 0 0 0 1 2 0 0 3 0 3 3 0 0 0 0 0 0 0 0 0 3 3 0 0 0 0 0 0 0 0 0 0 0 0 0 0 2 0 0 4 0 0 6 0 0 0 3 0 0 0 0 0 0 0 0 0 0 0 0 0 0 1 0 3 0 0 3 1 0 0 1 5 0 0 0 0 2 0 0 0 0 0 0 0 0 0 0 0 0 0 0 0 0 0 0 0 0 0 6 0 0 2 0 5 3 0
0 0 0 1 0 2 0 7 0 0 2 0 2 5 1 8 0 0 0 0 0 0 0 4 0 0 10 2 1 0 4 1 3 0 0 14 0 2 0 0 0 0 0 0 1 7 2 0 3 0 0 6 0 0 0 0 0 2 1 5 2 2 2 0 0 0 0 0 0 0 5 2 1 0 0 0 0 0 3 10 0 0 0 3 4 0 0 1 0 0 1 1 0 10 0 0 1 2 0 1 0 0 0 0 0 0 0 0 3 0 0 2 0 1 2 0 0 0 0 0 0 0 0 0 2 0 0 0 0 0 0 0 0 0 0 0 2 0 0 5 0 0 0 0 0 0 0 0 0 0 2 0 0 2 4 3 0 3 0 3 3 0 0 0 0 0 0 4 0 0 5 3 0 0 0 0 0 0 0 0 0 0 0 0 0 0 3 0 0 7 0 0 11 4 0 0 3 1 0 0 0 0 0 0 0 0 0 0 0 3 2 1 0 7 0 1 5 1 0 0 2 8 0 0 0 0 4 0 4 0 0 0 3 0 0 7 0 0 0 0 0 0 0 0 1 0 0 0 11 0 0 3 0 15 5 0
0 0 0 3 0 1 0 7 0 0 0 0 2 2 2 6 0 0 0 0 0 0 0 3 0 0 10 3 1 0 3 0 1 0 0 9 0 3 0 0 0 0 0 0 0 4 1 0 1 0 0 6 0 0 0 0 0 3 0 5 0 0 2 0 0 0 0 0 0 0 5 0 0 0 0 0 0 0 3 6 0 0 0 1 4 0 0 0 0 0 0 2 0 9 0 0 0 2 0 0 0 0 0 0 0 0 0 0 0 0 0 0 0 0 0 0 0 0 0 0 0 0 0 0 0 0 0 0 0 0 0 0 0 0 0 0 2 0 0 1 0 0 0 0 0 0 0 0 0 0 0 0 0 1 4 0 0 4 0 5 3 0 0 0 0 0 0 1 0 0 4 4 0 0 0 0 0 0 0 0 0 0 0 0 0 0 3 0 0 6 0 0 9 0 0 0 4 0 0 0 0 0 0 0 0 0 0 0 0 0 0 2 0 5 0 0 4 1 0 0 2 8 0 0 0 0 4 0 1 0 0 0 0 0 0 2 0 0 0 0 0 0 0 0 0 0 0 0 9 0 0 3 0 9 5 0
0 0 0 0 0 0 0 0 0 0 0 0 0 0 0 0 0 0 0 0 0 3 0 0 4 0 0 0 4 0 0 0 0 2 0 0 0 0 0 8 2 5 0 0 0 0 2 0 0 10 0 0 0 0 2 0 0 3 3 0 0 0 0 0 0 0 0 0 0 0 0 0 2 0 0 0 0 0 0 0 0 0 0 1 0 0 0 0 3 0 0 0 2 0 0 3 0 0 0 0 0 0 0 0 0 0 0 0 0 0 0 4 0 3 0 0 0 0 3 1 0 0 0 3 0 0 0 0 2 3 0 0 0 3 0 0 1 5 0 0 0 1 3 0 0 1 0 1 0 0 0 0 0 1 0 0 0 0 0 0 0 0 0 0 0 1 6 0 1 0 0 0 0 0 0 0 0 4 4 0 0 0 0 3 0 0 0 2 0 0 0 0 0 0 0 0 2 0 0 0 0 0 0 0 0 0 8 0 1 0 0 3 0 0 0 3 0 0 0 0 0 0 0 4 0 0 0 0 0 0 3 0 0 0 0 0 0 3 0 0 0 0 3 0 0 0 0 0 0 0 0 0 0 0 0 0
0 0 0 4 0 3 0 14 0 0 2 0 4 7 2 14 0 0 0 0 0 0 0 7 0 0 20 4 1 0 7 0 5 0 0 23 0 6 0 0 0 0 0 0 1 11 3 0 3 0 0 11 0 0 1 0 0 4 2 9 2 3 3 0 0 0 0 0 0 0 9 4 0 0 0 0 0 0 5 15 0 0 0 4 8 0 0 1 0 0 2 3 0 17 0 0 0 4 0 0 0 0 0 0 0 0 0 0 4 0 0 2 0 2 3 0 0 0 0 0 0 0 0 0 2 0 0 0 0 0 0 0 0 0 0 0 4 0 0 6 0 0 0 0 0 0 0 0 0 0 2 0 0 3 8 2 0 7 0 7 6 0 0 0 0 0 0 5 0 0 9 7 0 0 0 0 0 0 0 0 0 0 0 0 0 0 6 1 0 13 0 0 21 6 0 0 5 1 0 0 0 0 0 0 0 0 0 0 0 4 2 2 0 13 0 2 9 2 0 0 4 16 0 0 0 0 7 0 5 0 0 0 4 0 0 10 0 0 0 0 0 0 0 0 0 0 0 0 20 0 0 6 0 25 9 0
0 0 0 0 0 0 0 0 0 0 0 0 1 0 1 0 0 0 0 0 0 3 0 0 3 0 0 0 3 0 0 0 0 1 0 0 0 0 0 5 1 4 0 0 0 0 2 0 0 7 0 0 0 0 1 0 0 3 2 0 0 0 0 0 0 0 0 0 0 0 0 0 1 0 0 0 0 0 0 0 0 0 0 0 0 0 0 0 3 0 0 0 2 0 0 2 0 0 0 0 0 0 0 0 0 0 0 0 0 0 0 3 0 2 0 0 0 0 2 1 0 0 0 2 0 0 0 0 2 2 0 0 0 2 0 0 1 3 0 0 0 1 2 0 0 1 0 0 0 0 0 0 0 1 0 0 0 0 0 0 0 0 0 0 0 1 4 0 2 0 0 0 0 0 0 0 0 3 3 0 0 0 0 2 0 0 0 1 0 0 0 0 0 0 0 0 2 0 0 0 0 0 0 0 0 0 5 0 0 0 0 3 0 0 0 2 0 0 0 0 0 0 0 3 0 0 0 0 0 0 2 0 0 0 0 0 0 2 0 0 0 0 2 0 0 0 0 0 0 0 0 0 0 0 0 0
0 0 0 3 0 1 0 6 0 0 0 0 2 1 3 5 0 0 0 0 0 0 0 3 0 0 9 2 0 0 2 0 1 0 0 8 0 3 0 0 0 0 0 0 0 3 1 0 0 0 0 5 0 0 0 0 0 3 0 5 0 0 1 0 0 0 0 0 0 0 4 0 0 0 0 0 0 0 3 5 0 0 0 1 4 0 0 0 0 0 0 2 0 7 0 0 0 2 0 0 0 0 0 0 0 0 0 0 0 0 0 0 0 0 0 0 0 0 0 0 0 0 0 0 0 0 0 0 0 0 0 0 0 0 0 0 2 0 0 1 0 0 0 0 0 0 0 0 0 0 0 0 0 1 3 0 0 3 0 4 3 0 0 0 0 0 0 0 0 0 4 4 0 0 0 0 0 0 0 0 0 0 0 0 0 0 3 0 0 5 0 0 8 0 0 0 3 0 0 0 0 0 0 0 0 0 0 0 0 0 0 1 0 4 0 0 4 1 0 0 2 7 0 0 0 0 3 0 0 0 0 0 0 0 0 1 0 0 0 0 0 0 0 0 0 0 0 0 8 0 0 3 0 7 4 0
0 0 0 0 0 0 0 0 0 0 0 0 0 0 0 0 0 0 0 0 0 3 0 0 3 0 0 0 3 0 0 0 0 1 0 0 0 0 0 7 2 4 0 0 0 0 2 0 0 8 0 0 0 0 1 0 0 3 3 0 0 0 0 0 0 0 0 0 0 0 0 0 2 0 0 0 0 0 0 0 0 0 0 1 0 0 0 0 3 0 0 0 2 0 0 3 0 0 0 0 0 0 0 0 0 0 0 0 0 0 0 3 0 3 0 0 0 0 2 1 0 0 0 2 0 0 0 0 2 3 0 0 0 2 0 0 1 4 0 0 0 1 2 0 0 1 0 1 0 0 0 0 0 1 0 0 0 0 0 0 0 0 0 0 0 1 5 0 1 0 0 0 0 0 0 0 0 3 3 0 0 0 0 2 0 0 0 2 0 0 0 0 0 0 0 0 2 0 0 0 0 0 0 0 0 0 6 0 1 0 0 3 0 0 0 2 0 0 0 0 0 0 0 3 0 0 0 0 0 0 2 0 0 0 0 0 0 3 0 0 0 0 3 0 0 0 0 0 0 0 0 0 0 0 0 0
0 0 0 3 0 1 0 8 0 0 0 0 2 3 2 8 0 0 0 0 0 0 0 4 0 0 12 3 1 0 3 0 2 0 0 12 0 4 0 0 0 0 0 0 0 6 1 0 1 0 0 7 0 0 0 0 0 4 1 6 1 0 2 0 0 0 0 0 0 0 5 1 0 0 0 0 0 0 3 8 0 0 0 2 5 0 0 0 0 0 0 2 0 10 0 0 0 3 0 0 0 0 0 0 0 0 0 0 1 0 0 0 0 1 0 0 0 0 0 0 0 0 0 0 0 0 0 0 0 0 0 0 0 0 0 0 2 0 0 2 0 0 0 0 0 0 0 0 0 0 0 0 0 2 4 0 0 4 0 5 4 0 0 0 0 0 0 1 0 0 6 5 0 0 0 0 0 0 0 0 0 0 0 0 0 0 3 0 0 7 0 0 12 1 0 0 4 0 0 0 0 0 0 0 0 0 0 0 0 1 0 1 0 7 0 1 5 1 0 0 2 9 0 0 0 0 4 0 2 0 0 0 1 0 0 4 0 0 0 0 0 0 0 0 0 0 0 0 11 0 0 4 0 12 5 0
0 0 0 0 0 0 0 0 0 0 0 0 0 0 0 0 0 0 0 0 0 0 0 0 0 0 0 0 0 0 0 0 0 0 0 0 0 0 0 0 0 0 0 0 0 0 0 0 0 0 0 0 0 0 0 0 0 0 0 0 0 0 0 0 0 0 0 0 0 0 0 0 0 0 0 0 0 0 0 0 0 0 0 0 0 0 0 0 0 0 0 0 0 0 0 0 0 0 0 0 0 0 0 0 0 0 0 0 0 0 0 0 0 0 0 0 0 0 0 0 0 0 0 0 0 0 0 0 0 0 0 0 0 0 0 0 0 0 0 0 0 0 0 0 0 0 0 0 0 0 0 0 0 0 0 0 0 0 0 0 0 0 0 0 0 0 0 0 0 0 0 0 0 0 0 0 0 0 0 0 0 0 0 0 0 0 0 0 0 0 0 0 0 0 0 0 0 0 0 0 0 0 0 0 0 0 0 0 0 0 0 0 0 0 0 0 0 0 0 0 0 0 0 0 0 0 0 0 0 0 0 0 0 0 0 0 0 0 0 0 0 0 0 0 0 0 0 0 0 0 0 0 0 0 0 0
0 0 0 4 0 2 0 11 0 0 1 0 3 5 3 11 0 0 0 0 0 0 0 5 0 0 16 4 1 0 5 0 3 0 0 17 0 4 0 0 0 0 0 0 0 8 2 0 2 0 0 9 0 0 0 0 0 4 1 7 1 1 2 0 0 0 0 0 0 0 7 3 0 0 0 0 0 0 4 11 0 0 0 3 6 0 0 0 0 0 1 2 0 13 0 0 0 4 0 0 0 0 0 0 0 0 0 0 2 0 0 1 0 1 1 0 0 0 0 0 0 0 0 0 1 0 0 0 0 0 0 0 0 0 0 0 3 0 0 4 0 0 0 0 0 0 0 0 0 0 0 0 0 2 6 0 0 6 0 6 6 0 0 0 0 0 0 3 0 0 7 6 0 0 0 0 0 0 0 0 0 0 0 0 0 0 5 0 0 10 0 0 16 3 0 0 5 1 0 0 0 0 0 0 0 0 0 0 0 2 1 2 0 9 0 1 7 2 0 0 3 13 0 0 0 0 5 0 3 0 0 0 2 0 0 6 0 0 0 0 0 0 0 0 0 0 0 0 16 0 0 5 0 18 7 0
0 0 0 1 0 0 0 1 0 0 0 0 1 0 1 1 0 0 0 0 0 2 0 0 1 0 2 1 2 0 0 0 0 0 0 1 0 1 0 3 1 2 0 0 0 0 1 0 0 3 0 1 0 0 1 0 0 2 1 1 0 0 0 0 0 0 0 0 0 0 1 0 0 0 0 0 0 0 0 0 0 0 0 0 1 0 0 0 1 0 0 1 1 1 0 1 0 0 0 0 0 0 0 0 0 0 0 0 0 0 0 1 0 2 0 0 0 0 0 0 0 0 0 1 0 0 0 0 1 1 0 0 0 0 0 0 1 1 0 0 0 0 1 0 0 0 0 0 0 0 0 0 0 1 0 0 0 1 0 1 1 0 0 0 0 0 2 0 1 0 0 1 0 0 0 0 0 1 2 0 0 0 0 1 0 0 0 0 0 1 0 0 1 0 0 0 2 0 0 0 0 0 0 0 0 0 2 0 0 0 0 2 0 0 0 1 1 0 0 0 0 2 0 1 0 0 0 0 0 0 1 0 0 0 0 0 0 0 0 0 0 0 1 0 0 0 0 0 1 0 0 0 0 0 1 0
0 0 0 5 0 3 0 15 0 0 2 0 4 8 3 15 0 0 0 0 0 0 0 7 0 0 21 5 2 0 7 0 5 0 0 24 0 6 0 0 0 0 0 0 0 11 3 0 3 0 0 12 0 0 0 0 0 5 2 10 2 2 4 0 0 0 0 0 0 0 10 3 0 0 0 0 0 0 6 16 0 0 0 5 9 0 0 1 0 0 1 3 0 18 0 0 0 5 0 0 0 0 0 0 0 0 0 0 4 0 0 2 0 2 3 0 0 0 0 0 0 0 0 0 2 0 0 0 0 0 0 0 0 0 0 0 4 0 0 6 0 0 0 0 0 0 0 0 0 0 1 0 0 3 8 2 0 7 0 8 7 0 0 0 0 0 0 5 0 0 10 7 0 0 0 0 0 0 1 0 0 0 0 0 0 0 6 1 0 13 0 0 22 5 0 0 7 1 0 0 0 0 0 0 0 0 0 0 0 4 1 2 0 13 0 1 9 2 0 0 4 17 0 0 0 0 7 0 5 0 0 0 3 0 0 10 0 0 0 0 0 0 0 0 0 0 0 0 21 0 0 6 0 26 10 0
0 0 0 4 0 1 0 7 0 0 0 0 2 2 2 6 0 0 0 0 0 0 0 3 0 0 11 3 0 0 3 0 1 0 0 10 0 3 0 0 0 0 0 0 0 4 1 0 1 0 0 6 0 0 0 0 0 3 0 5 0 0 2 0 0 0 0 0 0 0 5 1 0 0 0 0 0 0 3 6 0 0 0 1 4 0 0 0 0 0 0 2 0 9 0 0 0 2 0 0 0 0 0 0 0 0 0 0 0 0 0 0 0 0 0 0 0 0 0 0 0 0 0 0 0 0 0 0 0 0 0 0 0 0 0 0 2 0 0 2 0 0 0 0 0 0 0 0 0 0 0 0 0 1 3 0 0 4 0 5 3 0 0 0 0 0 0 1 0 0 5 4 0 0 0 0 0 0 0 0 0 0 0 0 0 0 3 0 0 6 0 0 10 0 0 0 4 0 0 0 0 0 0 0 0 0 0 0 0 0 0 2 0 5 0 0 4 1 0 0 2 8 0 0 0 0 4 0 1 0 0 0 0 0 0 2 0 0 0 0 0 0 0 0 0 0 0 0 10 0 0 3 0 10 5 0
0 0 0 4 0 2 0 11 0 0 0 0 3 5 3 11 0 0 0 0 0 0 0 5 0 0 16 4 1 0 5 0 3 0 0 17 0 5 0 0 0 0 0 0 0 8 2 0 2 0 0 9 0 0 0 0 0 4 1 7 1 1 2 0 0 0 0 0 0 0 7 2 0 0 0 0 0 0 4 11 0 0 0 3 7 0 0 1 0 0 1 3 0 13 0 0 0 3 0 0 0 0 0 0 0 0 0 0 2 0 0 1 0 1 1 0 0 0 0 0 0 0 0 0 1 0 0 0 0 0 0 0 0 0 0 0 3 0 0 4 0 0 0 0 0 0 0 0 0 0 0 0 0 2 6 0 0 6 0 7 5 0 0 0 0 0 0 3 0 0 7 6 0 0 0 0 0 0 0 0 0 0 0 0 0 0 5 1 0 9 0 0 17 3 0 0 5 1 0 0 0 0 0 0 0 0 0 0 0 2 1 2 0 10 0 1 7 2 0 0 3 12 0 0 0 0 6 0 3 0 0 0 2 0 0 6 0 0 0 0 0 0 0 0 0 0 0 0 15 0 0 5 0 17 7 0
0 0 0 3 0 1 0 6 0 0 0 0 2 1 2 5 0 0 0 0 0 0 0 3 0 0 9 2 0 0 2 0 1 0 0 8 0 3 0 0 0 0 0 0 0 3 1 0 1 0 0 5 0 0 0 0 0 3 0 5 0 0 1 0 0 0 0 0 0 0 4 0 0 0 0 0 0 0 3 5 0 0 0 1 4 0 0 0 0 0 0 2 0 7 0 0 0 2 0 0 0 0 0 0 0 0 0 0 0 0 0 0 0 0 0 0 0 0 0 0 0 0 0 0 0 0 0 0 0 0 0 0 0 0 0 0 2 0 0 1 0 0 0 0 0 0 0 0 0 0 0 0 0 1 3 0 0 3 0 4 3 0 0 0 0 0 0 0 0 0 4 4 0 0 0 0 0 0 0 0 0 0 0 0 0 0 3 0 0 5 0 0 8 0 0 0 3 0 0 0 0 0 0 0 0 0 0 0 0 0 0 1 0 4 0 0 4 1 0 0 2 7 0 0 0 0 3 0 1 0 0 0 0 0 0 1 0 0 0 0 0 0 0 0 0 0 0 0 9 0 0 3 0 8 4 0
0 0 0 1 0 2 0 7 0 0 2 0 2 5 1 8 0 0 0 0 0 0 0 4 0 0 11 2 1 0 4 1 3 0 0 14 0 3 0 0 0 0 0 0 1 7 2 0 3 0 0 7 0 0 0 0 0 2 2 5 2 2 2 0 0 0 0 0 0 0 5 2 1 0 0 0 0 0 3 10 0 0 0 3 4 0 0 1 0 0 1 1 0 10 0 0 1 3 0 1 0 0 0 0 0 0 0 0 3 0 0 2 0 1 3 0 0 0 0 0 0 0 0 0 2 0 0 0 0 0 0 0 0 0 0 0 2 0 0 5 0 0 0 0 0 0 0 0 0 0 2 0 0 2 4 3 0 3 0 3 3 0 0 0 0 0 0 4 0 0 5 3 0 0 0 0 0 0 1 0 0 0 0 0 0 0 3 0 0 7 0 0 12 4 0 0 3 1 0 0 0 0 0 0 0 0 0 0 0 2 1 1 0 7 0 1 5 1 0 0 2 9 0 0 0 0 4 0 5 0 0 0 3 0 0 8 0 0 0 1 0 0 0 0 2 0 0 0 11 0 0 3 0 16 5 0
0 0 0 0 0 0 0 0 0 0 0 0 0 0 0 0 0 0 0 0 0 3 0 0 4 0 0 0 3 0 0 0 0 2 0 0 0 0 0 7 2 4 0 0 0 0 2 0 0 9 0 0 0 0 1 0 0 3 3 0 0 0 0 0 0 0 0 0 0 0 0 0 2 0 0 0 0 0 0 0 0 0 0 1 0 0 1 0 3 0 0 0 2 0 0 3 0 0 0 0 0 0 0 0 0 0 0 0 0 0 0 3 0 3 0 0 0 0 2 1 0 0 0 2 0 0 0 0 2 3 0 0 0 2 0 0 1 4 0 0 0 1 3 0 0 1 0 1 0 0 0 0 0 1 0 0 0 0 0 0 0 0 0 0 0 1 5 0 1 0 0 0 0 0 0 0 0 3 4 0 0 0 0 2 0 0 0 2 0 0 0 0 0 0 0 0 2 0 0 0 0 0 0 0 0 0 7 0 0 0 0 3 0 0 0 3 0 0 0 0 0 0 0 3 0 0 0 0 0 0 2 0 0 0 0 0 0 3 0 0 0 0 3 0 0 0 0 0 0 0 0 0 0 0 0 0
0 0 0 3 0 1 0 7 0 0 0 0 2 2 2 6 0 0 0 0 0 0 0 3 0 0 10 3 0 0 2 0 1 0 0 9 0 3 0 0 0 0 0 0 0 4 1 0 1 0 0 6 0 0 0 0 0 4 0 5 0 0 2 0 0 0 0 0 0 0 5 0 0 0 0 0 0 0 3 6 0 0 0 1 4 0 0 0 0 0 0 2 0 8 0 0 0 2 0 0 0 0 0 0 0 0 0 0 0 0 0 0 0 0 0 0 0 0 0 0 0 0 0 0 0 0 0 0 0 0 0 0 0 0 0 0 2 0 0 1 0 0 0 0 0 0 0 0 0 0 0 0 0 1 3 0 0 4 0 4 3 0 0 0 0 0 0 0 0 0 4 4 0 0 0 0 0 0 0 0 0 0 0 0 0 0 3 0 0 5 0 0 9 0 0 0 4 0 0 0 0 0 0 0 0 0 0 0 0 0 0 2 0 5 0 0 4 1 0 0 2 7 0 0 0 0 3 0 1 0 0 0 0 0 0 2 0 0 0 0 0 0 0 0 0 0 0 0 9 0 0 3 0 8 4 0
0 0 0 0 0 0 0 0 0 0 0 0 0 0 0 0 0 0 0 0 0 3 0 0 3 0 0 0 3 0 0 0 0 1 0 0 0 0 0 6 2 4 0 0 0 0 2 0 0 8 0 0 0 0 2 0 0 2 3 0 0 0 0 0 0 0 0 0 0 0 0 0 1 0 0 0 0 0 0 0 0 0 0 1 0 0 0 0 3 0 0 0 2 0 0 3 0 0 0 0 0 0 0 0 0 0 0 0 0 0 0 3 0 3 0 0 0 0 2 1 0 0 0 2 0 0 0 0 2 3 0 0 0 2 0 0 1 4 0 0 0 1 2 0 0 1 0 1 0 0 0 0 0 1 0 0 0 0 0 0 0 0 0 0 0 1 5 0 1 0 0 0 0 0 0 0 0 3 3 0 0 0 0 2 0 0 0 1 0 0 0 0 0 0 0 0 2 0 0 0 0 0 0 0 0 0 6 0 0 0 0 3 0 0 0 2 0 0 0 0 0 0 0 3 0 0 0 0 0 0 2 0 0 0 0 0 0 3 0 0 0 0 2 0 0 0 0 0 0 0 0 0 0 0 0 0
0 0 0 2 0 1 0 4 0 0 0 0 1 2 1 4 0 0 0 0 0 0 0 2 0 0 6 2 0 0 2 0 1 0 0 6 0 2 0 0 0 0 0 0 0 3 1 0 1 0 0 3 0 0 0 0 0 2 0 3 0 0 1 0 0 0 0 0 0 0 3 1 0 0 0 0 0 0 2 4 0 0 0 1 3 0 0 0 0 0 0 1 0 5 0 0 0 1 0 0 0 0 0 0 0 0 0 0 0 0 0 0 0 0 0 0 0 0 0 0 0 0 0 0 0 0 0 0 0 0 0 0 0 0 0 0 1 0 0 1 0 0 0 0 0 0 0 0 0 0 0 0 0 1 2 0 0 2 0 3 2 0 0 0 0 0 0 1 0 0 3 2 0 0 0 0 0 0 0 0 0 0 0 0 0 0 2 0 0 3 0 0 6 1 0 0 2 0 0 0 0 0 0 0 0 0 0 0 0 0 0 1 0 3 0 0 3 1 0 0 1 5 0 0 0 0 2 0 1 0 0 0 0 0 0 1 0 0 0 0 0 0 0 0 0 0 0 0 6 0 0 2 0 6 3 0
0 0 0 0 0 0 0 0 0 0 0 0 0 0 1 0 0 0 0 0 0 2 0 0 3 0 0 0 2 0 0 0 0 1 0 0 0 0 1 5 1 3 0 0 0 0 1 0 0 6 0 0 0 0 1 0 0 2 2 0 0 0 0 0 0 0 0 0 0 0 0 0 1 0 0 0 0 0 0 0 0 0 0 0 0 0 0 0 2 0 0 0 1 0 0 2 0 0 0 0 0 0 0 0 0 0 0 0 0 0 0 2 0 2 0 0 0 0 1 0 0 0 0 1 0 0 0 0 1 2 0 0 0 1 0 0 1 3 0 0 0 1 2 0 0 1 0 0 0 0 0 0 0 1 0 0 0 0 0 0 0 0 0 0 0 1 3 0 1 0 0 0 0 0 0 0 0 2 2 0 0 0 0 2 0 0 0 1 0 0 0 0 0 0 0 0 1 0 0 0 0 0 0 0 0 0 4 0 0 0 0 2 0 0 0 2 0 0 0 0 0 0 0 2 0 0 0 0 0 0 2 0 0 0 0 0 0 1 0 0 0 0 2 0 0 0 0 0 0 0 0 0 0 0 0 0
0 0 0 0 0 0 0 0 0 0 0 0 0 0 0 0 0 0 0 0 0 3 0 0 3 0 0 0 3 0 0 0 0 1 0 0 0 0 0 7 2 4 0 0 0 0 2 0 0 8 0 0 0 0 1 0 0 2 3 0 0 0 0 0 0 0 0 0 0 0 0 0 2 0 0 0 0 0 0 0 0 0 0 1 0 0 0 0 3 0 0 0 2 0 0 3 0 0 0 0 0 0 0 0 0 0 0 0 0 0 0 3 0 2 0 0 0 0 2 1 0 0 0 2 0 0 0 0 2 3 0 0 0 2 0 0 1 4 0 0 0 1 2 0 0 1 0 1 0 0 0 0 0 1 0 0 0 0 0 0 0 0 0 0 0 1 5 0 1 0 0 0 0 0 0 0 0 3 3 0 0 0 0 2 0 0 0 1 0 0 0 0 0 0 0 0 2 0 0 0 0 0 0 0 0 0 6 0 0 0 0 2 0 0 0 2 0 0 0 0 0 0 0 3 0 0 0 0 0 0 2 0 0 0 0 0 0 3 0 0 0 0 2 0 0 0 0 0 0 0 0 0 0 0 0 0
0 0 0 0 0 0 0 0 0 0 0 0 0 0 0 0 0 0 0 0 0 3 0 0 4 0 0 0 4 0 0 0 0 2 0 0 0 0 0 8 2 5 0 0 0 0 2 0 0 9 0 0 0 0 2 0 0 3 4 0 0 0 0 0 0 0 0 0 0 0 0 0 2 0 0 0 0 0 0 0 0 0 0 1 0 0 1 0 3 0 0 0 2 0 0 3 0 0 0 0 0 0 0 0 0 0 0 0 0 0 0 4 0 3 0 0 0 0 3 1 0 0 0 2 0 0 0 0 2 3 0 0 0 3 0 0 1 4 0 0 0 1 3 0 0 1 0 1 0 0 0 0 0 1 0 0 0 0 0 0 0 0 0 0 0 1 6 0 1 0 0 0 0 0 0 0 0 4 4 0 0 0 0 3 0 0 0 2 0 0 0 0 0 0 0 0 2 0 0 0 0 0 0 0 0 0 8 0 1 0 0 3 0 0 0 3 0 0 0 0 0 0 0 4 0 0 0 0 0 0 3 0 0 0 0 0 0 3 0 0 0 0 3 0 0 0 0 0 0 0 0 0 0 0 0 0
0 0 0 0 0 0 0 0 0 0 0 0 1 0 1 0 0 0 0 0 0 2 0 0 3 0 0 0 3 0 0 0 0 1 0 0 0 0 1 6 1 4 0 0 0 0 2 0 0 7 0 0 0 0 1 0 0 3 3 0 0 0 0 0 0 0 0 0 0 0 0 0 1 0 0 0 0 0 0 0 0 0 0 1 0 0 0 0 3 0 0 0 2 0 0 2 0 0 0 0 0 0 0 0 0 0 0 0 0 0 0 3 0 2 0 0 0 0 2 1 0 0 0 2 0 0 0 0 2 2 0 0 0 2 0 0 1 3 0 0 0 1 2 0 0 1 0 0 0 0 0 0 0 1 0 0 0 0 0 0 0 0 0 0 0 1 4 0 1 0 0 0 0 0 0 0 0 3 3 0 0 0 0 2 0 0 0 1 0 0 0 0 0 0 0 0 2 0 0 0 0 0 0 0 0 0 5 0 0 0 0 2 0 0 0 2 0 0 0 0 0 0 0 3 0 0 0 0 0 0 2 0 0 0 0 0 0 2 0 0 0 0 2 0 0 0 0 0 0 0 0 0 0 0 0 0
