2 0 0 0 2 0 0 0 0 0 5 5 0 0 0 0 0 0 0 2 0 2 4 5 0 0 0 3 4 0 0 0 0 0 0 0 1 0 4 0 0 0 0 0 1 0 0 0 0 0 0 0 0 0 4 3 0 0 0 0 0 3 1 0 1 6 4 2 0 1 0 0 0 0 0 0 0 0 0 0 0 2 3 0 0 0 4 0 0 0 0 0 3 0 0 0 0 0 0 0 0 0 1 0 0 0 0 0 0 0 0 0 0 2 0 0 0 3 0 5 0 0 4 3 0 0 0 0 0 0 0 0 0 2 3 0 0 0 0 0 2 0 0 9 0 0 0 0 1 0 4 0 5 0 2 0 0 5 0 0 3 0 0 0 4 4 1 0 3 0 2 10 0 0 0 0 4 4 0 0 0 5 4 3 0 0 0 1 0 0 0 1 0 0 0 0 0 1 0 0 1 2 0 1 0 0 0 0 0 0 0 0 0 0 4 1 0 0 0 0 0 0 0 3 0 0 4 0 0 0 0 0 0 0 0 2 0 1 0 1 0 0 0 2 0 1 0 0 1 0 0 2 1 0 0 0
3 2 0 0 2 0 0 0 0 0 9 7 0 0 0 0 0 0 0 0 0 3 4 6 0 0 0 4 2 0 0 0 0 0 0 0 1 0 1 0 0 0 0 0 5 0 0 0 1 0 0 3 0 0 7 3 0 0 0 0 0 6 1 0 4 3 5 1 0 0 0 0 0 0 0 0 0 0 0 0 0 2 3 0 0 0 4 0 0 0 0 0 3 0 0 0 0 0 0 0 0 0 2 0 0 0 1 0 0 0 0 0 0 0 0 0 1 5 0 3 0 0 4 6 0 0 1 0 0 0 0 0 0 2 3 0 0 0 0 0 0 0 0 11 0 0 0 0 0 0 2 0 5 0 2 0 0 7 0 1 2 0 0 0 4 4 0 1 2 0 2 8 0 0 0 0 4 4 0 0 1 6 4 0 0 2 0 0 0 0 0 0 0 0 0 0 0 1 1 0 3 2 0 2 0 0 0 0 2 0 0 0 0 0 5 2 0 0 0 0 0 0 0 3 0 0 3 0 0 0 1 0 0 0 0 1 0 0 0 1 0 0 0 0 0 0 2 0 2 0 0 2 4 0 1 1
0 0 0 4 0 0 0 0 0 2 0 0 0 0 5 0 0 0 0 5 0 0 0 0 0 3 0 0 1 0 0 0 0 0 0 0 0 0 6 0 0 0 0 0 0 4 0 0 0 0 1 0 0 3 0 1 0 0 0 0 2 0 4 0 0 7 0 0 0 2 0 0 0 0 0 0 0 0 0 5 0 0 3 0 0 0 1 0 0 0 0 2 1 0 0 1 0 0 0 0 0 0 0 0 0 0 0 1 0 0 0 0 0 5 0 0 0 0 0 1 0 0 0 0 0 0 0 0 0 0 0 0 0 0 1 0 0 2 0 0 6 0 0 0 0 0 0 5 1 0 6 0 0 3 0 0 0 0 2 0 3 0 0 0 0 0 3 0 3 0 1 6 1 4 0 0 0 0 0 1 0 0 2 8 0 0 0 3 0 0 0 3 0 0 2 0 0 0 0 0 0 0 0 0 1 0 3 0 0 0 0 0 0 0 0 0 0 0 0 0 0 0 0 2 0 0 1 0 0 0 0 3 2 5 0 1 0 3 3 3 0 0 0 7 1 3 0 0 0 0 0 0 0 0 0 0
0 0 0 5 1 0 0 0 0 4 0 0 0 0 7 0 0 0 0 6 0 0 0 0 0 4 0 0 1 0 0 0 0 0 0 0 0 0 7 0 0 0 0 0 0 5 0 0 0 0 0 0 0 4 0 1 0 1 0 0 3 0 4 0 0 9 0 0 0 2 0 0 0 0 0 0 0 0 0 6 0 0 3 0 0 0 1 0 0 0 0 2 1 0 0 1 0 0 0 1 0 0 0 0 0 0 0 2 0 0 0 0 0 5 0 0 0 0 0 2 0 0 0 0 0 0 0 0 0 0 0 0 0 0 2 0 0 2 0 0 7 0 0 0 0 0 0 6 0 0 6 0 0 3 1 0 0 0 2 0 3 0 0 0 0 0 4 0 4 0 1 6 3 5 0 0 0 0 0 1 0 0 1 9 0 0 0 4 0 0 0 3 0 0 2 0 0 0 0 0 0 0 0 0 0 0 3 0 0 0 0 0 0 0 1 0 0 0 0 0 0 0 0 2 0 1 0 0 0 0 0 4 4 7 0 1 0 3 5 5 0 0 0 9 1 4 0 0 0 0 0 0 0 0 0 0
6 3 0 0 4 0 0 0 0 0 16 11 0 0 0 0 0 0 0 0 0 4 7 10 0 0 0 7 4 0 0 0 0 0 0 0 2 0 1 0 0 0 0 0 9 0 0 0 3 0 0 6 0 0 13 5 0 0 0 0 0 10 0 0 7 4 9 2 0 0 0 0 0 0 0 0 0 0 1 0 0 4 6 1 0 2 6 0 0 0 0 0 5 0 0 0 0 0 0 0 0 0 4 0 0 0 3 0 0 0 0 0 0 0 0 0 2 10 0 5 0 0 8 10 0 0 1 0 1 0 0 0 0 5 6 0 0 0 0 0 0 0 0 19 0 0 0 0 0 0 2 0 9 0 4 0 0 11 0 2 3 0 0 0 6 7 0 1 3 0 3 13 0 0 0 0 7 7 0 0 1 11 7 0 0 3 0 0 0 0 0 0 0 0 0 0 0 2 3 0 4 4 0 4 0 0 0 0 4 0 0 0 0 0 8 3 0 0 0 0 0 0 0 5 0 0 5 0 0 0 2 0 0 0 0 2 0 0 0 0 0 0 0 0 0 0 4 0 3 0 0 2 7 0 2 2
0 0 0 5 0 0 0 0 0 3 0 0 0 0 7 0 0 0 0 5 0 0 0 0 0 3 0 0 1 0 0 0 0 0 0 0 0 0 7 0 0 0 0 0 0 5 0 0 0 0 0 0 0 3 0 1 0 1 0 0 3 0 4 0 0 8 0 0 0 2 0 0 0 0 0 0 0 0 0 6 0 0 3 0 0 0 1 0 0 0 0 3 1 0 0 1 0 0 0 1 0 0 0 0 0 0 0 2 0 0 0 0 0 5 0 0 0 0 0 1 0 0 0 0 0 0 0 0 0 0 0 0 0 0 2 0 0 2 0 0 7 0 0 0 0 0 0 6 1 0 7 0 0 3 0 0 0 0 2 0 3 0 0 0 0 0 4 0 3 0 1 6 1 5 0 0 0 0 0 1 0 0 2 9 0 0 0 4 0 0 0 3 0 0 2 0 0 0 0 0 0 0 0 0 0 0 3 0 0 0 0 0 0 0 1 0 0 0 0 0 0 0 0 2 0 1 0 0 0 0 0 3 4 7 0 1 0 3 4 4 0 0 0 8 1 4 0 0 0 0 0 0 0 0 0 0
1 0 0 0 1 0 0 0 0 0 3 4 0 0 1 0 0 0 0 1 0 1 3 3 0 1 0 2 3 0 0 0 0 0 0 0 0 0 3 0 0 0 0 0 0 1 0 0 0 0 0 0 0 0 3 2 0 0 0 0 0 2 2 0 1 5 2 1 0 1 0 0 0 0 0 0 0 0 0 1 0 1 3 0 0 0 3 0 0 0 0 0 2 0 0 0 0 0 0 0 0 0 1 0 0 0 0 0 0 0 0 0 0 2 0 0 0 2 0 3 0 0 2 2 0 0 0 0 0 0 0 0 0 1 3 0 0 0 0 0 2 0 0 7 0 0 0 1 1 0 4 0 4 0 1 0 0 4 1 0 3 0 0 0 3 2 2 0 2 0 2 8 0 1 0 0 3 2 0 0 0 4 4 4 0 1 0 1 0 0 0 1 0 0 0 0 0 0 0 0 1 1 0 1 0 0 0 0 0 0 0 0 0 0 2 1 0 0 0 0 0 0 0 3 0 0 3 0 0 0 0 0 0 1 0 1 0 1 0 2 0 0 0 3 0 0 0 0 1 0 0 1 0 0 0 0
0 0 0 4 0 0 0 0 0 2 0 0 0 0 4 0 0 0 0 5 0 0 1 1 0 3 0 0 2 0 0 0 0 0 0 0 0 0 5 0 0 0 0 0 0 4 0 0 0 0 0 0 0 3 0 2 0 0 0 0 2 0 4 0 0 7 0 0 0 2 0 0 0 0 0 0 0 0 0 4 0 0 3 0 0 0 2 0 0 0 0 1 1 0 0 1 0 0 0 0 0 0 0 0 0 0 0 1 0 0 0 0 0 4 0 0 0 0 0 2 0 0 1 0 0 0 0 0 0 0 0 0 0 0 2 0 0 1 0 0 5 0 0 2 0 0 0 4 1 0 6 0 1 2 0 0 0 0 2 0 3 0 0 0 0 0 3 0 3 0 2 7 1 3 0 0 1 1 0 1 0 0 2 7 0 0 0 3 0 0 0 3 0 0 1 0 0 0 0 0 0 0 0 0 1 0 2 0 0 0 0 0 0 0 1 0 0 0 0 0 0 0 0 2 0 0 1 0 0 0 0 2 2 5 0 2 0 2 3 3 0 0 0 7 1 3 0 0 0 0 0 0 0 0 0 0
0 0 0 0 0 0 0 0 0 0 0 0 0 0 0 0 0 0 0 0 0 0 0 0 0 0 0 0 0 0 0 0 0 0 0 0 0 0 0 0 0 0 0 0 0 0 0 0 0 0 0 0 0 0 0 0 0 0 0 0 0 0 0 0 0 0 0 0 0 0 0 0 0 0 0 0 0 0 0 0 0 0 0 0 0 0 0 0 0 0 0 0 0 0 0 0 0 0 0 0 0 0 0 0 0 0 0 0 0 0 0 0 0 0 0 0 0 0 0 0 0 0 0 0 0 0 0 0 0 0 0 0 0 0 0 0 0 0 0 0 0 0 0 0 0 0 0 0 0 0 0 0 0 0 0 0 0 0 0 0 0 0 0 0 0 0 0 0 0 0 0 0 0 0 0 0 0 0 0 0 0 0 0 0 0 0 0 0 0 0 0 0 0 0 0 0 0 0 0 0 0 0 0 0 0 0 0 0 0 0 0 0 0 0 0 0 0 0 0 0 0 0 0 0 0 0 0 0 0 0 0 0 0 0 0 0 0 0 0 0 0 0 0 0 0 0 0 0 0 0 0 0 0 0 0 0
0 0 0 4 0 0 0 0 0 1 0 1 0 0 4 0 0 0 0 5 0 0 1 1 0 2 0 0 2 0 0 0 0 0 0 0 0 0 5 0 0 0 0 0 0 4 0 0 0 0 0 0 0 3 0 2 0 0 0 0 2 0 4 0 0 7 0 0 0 2 0 0 0 0 0 0 0 0 0 4 0 0 3 0 0 0 2 0 0 0 0 2 1 0 0 0 0 0 0 0 0 0 0 0 0 0 0 1 0 0 0 0 0 4 0 0 0 0 0 2 0 0 1 0 0 0 0 0 0 0 0 0 0 0 2 0 0 1 0 0 5 0 0 2 0 0 0 4 1 0 6 0 1 2 0 0 0 0 2 0 3 0 0 0 0 0 3 0 3 0 2 7 0 3 0 0 1 1 0 1 0 1 2 7 0 0 0 3 0 0 0 3 0 0 1 0 0 0 0 0 0 0 0 0 1 0 1 0 0 0 0 0 0 0 1 0 0 0 0 0 0 0 0 2 0 0 1 0 0 0 0 2 2 5 0 2 0 2 3 3 0 0 0 7 1 3 0 0 0 0 0 1 0 0 0 0
0 0 0 3 0 0 0 0 0 2 0 0 0 0 5 0 0 0 0 3 0 0 0 0 0 3 0 0 1 0 0 0 0 0 0 0 0 0 5 0 0 0 0 0 0 3 0 0 0 0 0 0 0 2 0 1 0 0 0 0 2 0 3 0 0 7 0 0 0 2 0 0 0 0 0 0 0 0 0 5 0 0 3 0 0 0 1 0 0 0 0 1 1 0 0 1 0 0 0 0 0 0 0 0 0 0 0 1 0 0 0 0 0 4 0 0 0 0 0 1 0 0 0 0 0 0 0 0 0 0 0 0 0 0 1 0 0 1 0 0 5 0 0 0 0 0 0 5 1 0 5 0 0 2 0 0 0 0 2 0 2 0 0 0 0 0 3 1 2 0 1 5 1 3 0 0 1 1 0 1 0 0 1 7 0 0 0 3 0 0 0 2 0 0 1 0 0 0 0 0 0 0 0 0 0 0 2 0 0 0 0 0 0 0 1 0 0 0 0 0 0 0 0 2 0 0 0 0 0 0 0 3 2 5 0 1 0 2 3 3 0 0 0 6 1 3 0 0 0 0 0 0 0 0 0 0
5 2 0 0 3 0 0 0 0 0 13 10 0 0 0 0 0 0 0 0 0 4 6 9 0 0 0 6 4 0 0 0 0 0 0 0 2 0 2 0 0 0 0 0 7 0 0 0 1 0 0 4 0 0 11 5 0 0 0 0 0 8 0 0 6 4 7 2 0 0 0 0 0 0 0 0 0 0 0 0 0 3 5 0 0 0 6 0 0 0 0 0 5 0 0 0 0 0 0 0 0 0 3 0 0 0 1 0 0 0 0 0 0 0 0 0 1 8 0 5 0 0 6 8 0 0 1 0 0 0 0 0 0 4 5 0 0 0 0 0 0 0 0 17 0 0 0 0 0 0 3 0 8 0 4 0 0 10 0 1 3 0 0 0 6 6 0 1 3 0 3 12 0 0 0 0 6 6 0 0 1 10 6 0 0 3 0 0 0 0 0 0 0 0 0 0 0 2 1 0 4 3 0 3 0 0 0 0 4 0 0 0 0 0 7 3 0 0 0 0 0 0 0 4 0 0 5 0 0 0 1 0 0 0 0 2 0 0 0 0 0 0 0 0 0 0 3 0 3 0 0 2 6 0 1 1
0 0 0 3 0 0 0 0 0 2 0 0 0 0 5 0 0 0 0 4 0 0 0 0 0 2 0 0 2 0 0 0 0 0 0 0 0 0 5 0 0 0 0 0 0 4 0 0 0 0 1 0 0 2 0 1 0 0 0 0 2 0 3 0 0 6 0 0 0 2 0 0 0 0 0 0 0 0 0 4 0 0 3 0 0 0 2 0 0 0 0 1 1 0 0 1 0 0 0 0 0 0 0 0 0 0 0 1 0 0 0 0 0 4 0 0 0 0 0 2 0 0 0 0 0 0 0 0 0 0 0 0 0 0 2 0 0 1 0 0 5 0 0 1 0 0 0 4 1 0 6 0 1 2 0 0 0 0 2 0 2 0 0 0 0 0 3 0 2 0 1 6 1 3 0 0 0 1 0 1 0 0 2 7 0 0 0 2 0 0 0 3 0 0 1 0 0 0 0 0 0 0 0 0 1 0 2 0 0 0 0 0 0 0 1 0 0 0 0 0 0 0 0 2 0 0 1 0 0 0 0 2 2 5 0 1 0 2 3 3 0 0 0 6 1 3 0 0 0 0 0 0 0 0 0 0
0 0 0 4 0 0 0 0 0 3 0 0 0 0 5 0 0 0 0 4 0 0 0 0 1 2 0 0 1 0 0 0 0 0 0 0 0 0 5 0 0 0 0 0 0 4 0 0 0 0 0 0 0 3 0 1 0 1 0 0 3 0 4 0 0 7 0 0 0 1 0 0 0 0 0 0 0 0 0 5 0 0 2 0 0 0 0 0 0 0 0 2 1 1 0 0 0 0 0 0 0 0 0 0 0 0 0 2 0 0 0 0 0 3 0 0 0 0 0 1 0 0 0 0 0 0 0 0 0 0 0 0 0 0 1 0 0 2 0 0 5 0 0 0 0 0 0 5 0 0 4 0 0 2 1 0 0 0 2 0 2 0 0 0 0 0 3 1 3 0 1 4 2 3 0 0 1 0 0 0 0 0 1 7 0 0 0 3 0 0 0 2 0 0 1 0 0 1 0 0 0 0 0 0 0 0 2 0 0 0 0 0 0 0 1 0 0 0 0 0 0 0 0 2 0 0 0 0 0 0 1 2 3 5 0 1 0 2 3 4 1 0 0 7 1 3 0 0 0 0 0 0 0 0 0 0
0 0 0 4 0 0 0 0 0 3 0 0 0 0 5 0 0 0 0 4 0 0 0 0 0 3 0 0 1 0 0 0 0 0 0 0 0 0 5 0 0 0 0 0 0 4 0 0 0 0 0 0 0 3 0 1 0 1 0 0 2 0 3 0 0 7 0 0 0 2 0 0 0 0 0 0 0 0 0 5 0 0 3 0 0 0 0 0 0 0 0 2 1 0 0 1 0 0 0 0 0 0 0 0 0 0 0 1 0 0 0 0 0 4 0 0 0 0 0 1 0 0 0 0 0 0 0 0 0 0 0 0 0 0 1 0 0 2 0 0 5 0 0 0 0 0 0 5 1 0 6 0 0 3 0 0 0 0 2 0 3 0 0 0 0 0 3 0 3 0 1 5 1 4 0 0 0 0 0 1 0 0 1 7 0 0 0 3 0 0 0 3 0 0 1 0 0 0 0 0 0 0 0 0 0 0 2 0 0 0 0 0 0 0 0 0 0 0 0 0 0 0 0 2 0 0 0 0 0 0 0 3 3 5 0 1 0 3 3 3 0 0 0 7 1 3 0 0 0 0 0 0 0 0 0 0
0 0 0 0 0 0 0 0 0 0 0 0 0 0 0 0 0 0 0 0 0 0 0 0 0 0 0 0 0 0 0 0 0 0 0 0 0 0 0 0 0 0 0 0 0 0 0 0 0 0 0 0 0 0 0 0 0 0 0 0 0 0 0 0 0 0 0 0 0 0 0 0 0 0 0 0 0 0 0 0 0 0 0 0 0 0 0 0 0 0 0 0 0 0 0 0 0 0 0 0 0 0 0 0 0 0 0 0 0 0 0 0 0 0 0 0 0 0 0 0 0 0 0 0 0 0 0 0 0 0 0 0 0 0 0 0 0 0 0 0 0 0 0 0 0 0 0 0 0 0 0 0 0 0 0 0 0 0 0 0 0 0 0 0 0 0 0 0 0 0 0 0 0 0 0 0 0 0 0 0 0 0 0 0 0 0 0 0 0 0 0 0 0 0 0 0 0 0 0 0 0 0 0 0 0 0 0 0 0 0 0 0 0 0 0 0 0 0 0 0 0 0 0 0 0 0 0 0 0 0 0 0 0 0 0 0 0 0 0 0 0 0 0 0 0 0 0 0 0 0 0 0 0 0 0 0
4 3 0 0 2 0 1 0 0 0 12 6 0 3 0 0 0 0 0 0 0 4 4 6 0 0 0 4 1 0 0 0 0 0 0 0 1 0 1 0 0 0 0 0 9 0 0 0 4 0 0 7 0 0 9 3 0 0 0 0 0 6 0 0 5 2 7 2 0 0 0 0 0 0 0 0 0 0 0 0 0 2 2 3 0 3 3 0 0 1 0 0 3 0 0 0 0 0 0 0 0 0 2 0 0 0 4 0 0 0 0 0 0 0 0 0 3 6 0 3 0 0 5 8 0 0 0 1 2 0 0 0 0 3 4 0 0 1 0 0 0 0 0 12 0 0 1 0 0 0 1 0 5 1 4 0 0 7 0 3 2 0 0 0 3 3 0 2 1 0 2 6 0 0 0 0 4 5 0 0 2 6 4 0 0 2 0 0 0 3 5 0 0 0 1 0 0 1 3 0 4 2 0 2 0 0 0 0 5 1 0 0 0 0 5 1 0 0 0 0 0 0 0 2 0 0 3 0 0 0 3 0 0 0 0 1 0 0 0 0 0 0 0 0 0 0 3 0 3 0 0 2 6 0 4 2
0 0 0 3 1 0 0 0 0 3 0 0 0 0 6 0 0 0 0 5 0 0 0 1 1 3 0 0 2 0 0 0 0 0 0 0 0 1 6 0 0 0 0 0 0 4 0 0 0 0 0 0 0 3 0 2 0 1 0 0 3 0 4 0 0 8 0 0 0 1 0 0 0 0 0 0 0 0 0 6 0 0 2 0 0 0 0 0 0 0 0 2 2 2 0 0 0 0 0 0 0 0 1 0 1 0 0 2 0 0 0 1 0 3 0 0 0 0 0 2 0 0 1 0 0 0 0 0 0 0 0 0 0 0 2 0 0 2 0 0 5 0 0 0 0 0 0 5 0 0 4 0 0 2 2 0 0 0 1 0 2 0 1 0 0 0 3 2 3 0 0 5 3 3 0 0 2 1 0 0 0 0 0 8 0 0 0 3 0 0 1 2 0 0 1 0 0 2 1 0 0 0 0 0 0 0 2 0 0 0 0 0 0 0 1 0 0 0 0 0 0 0 0 3 0 0 0 0 0 0 2 3 2 5 0 1 0 2 3 4 2 0 0 8 1 4 0 0 0 0 0 0 0 0 0 0
5 3 0 0 3 0 0 0 0 0 15 11 0 0 0 0 0 0 0 0 0 4 7 10 0 0 0 7 4 0 0 0 0 0 0 0 2 0 2 0 0 0 0 0 8 0 0 0 1 0 0 5 0 0 12 5 0 0 0 0 0 9 0 0 6 5 8 2 0 0 0 0 0 0 0 0 0 0 0 0 0 3 5 0 0 1 6 0 0 0 0 0 5 0 0 0 0 0 0 0 0 0 4 0 0 0 2 0 0 0 0 0 0 0 0 0 2 8 0 6 0 0 7 9 0 0 1 0 0 0 0 0 0 4 6 0 0 0 0 0 0 0 0 18 0 0 0 0 0 0 2 0 9 0 4 0 0 11 0 1 4 0 0 0 6 7 1 1 3 0 3 13 0 0 0 0 6 7 0 0 2 11 7 0 0 3 0 0 0 0 0 0 0 0 0 0 0 2 2 0 4 3 0 4 0 0 0 0 4 0 0 0 0 0 8 4 0 0 0 0 0 0 0 4 0 0 6 0 0 0 1 0 0 0 0 2 0 0 0 0 0 0 0 0 0 0 3 0 4 0 0 3 7 0 1 1
0 0 0 4 0 0 0 0 0 2 0 0 0 0 5 0 0 0 0 4 0 0 0 0 0 2 0 0 2 0 0 0 0 0 0 0 0 0 5 0 0 0 0 0 0 4 0 0 0 0 1 0 0 3 0 1 0 0 0 0 2 0 3 0 0 7 0 0 0 2 0 0 0 0 0 0 0 0 0 4 0 0 3 0 0 0 1 0 0 0 0 1 1 0 0 1 0 0 0 0 0 0 0 0 0 0 0 1 0 0 0 0 0 4 0 0 0 0 0 2 0 0 0 0 0 0 0 0 0 0 0 0 0 0 1 0 0 1 0 0 5 0 0 1 0 0 0 4 1 0 6 0 1 2 0 0 0 0 2 0 2 0 0 0 0 0 3 0 2 0 1 6 1 3 0 0 0 0 0 1 0 0 2 7 0 0 0 3 0 0 0 3 0 0 1 0 0 0 0 0 0 0 0 0 1 0 2 0 0 0 0 0 0 0 0 0 0 0 0 0 0 0 0 2 0 0 1 0 0 0 0 3 2 5 0 1 0 2 3 3 0 0 0 7 1 3 0 0 0 0 0 0 0 0 0 0
0 0 0 3 0 0 0 0 0 1 0 1 0 0 4 0 0 0 0 4 0 0 1 1 0 2 0 0 2 0 0 0 0 0 0 0 0 0 5 0 0 0 0 0 0 3 0 0 0 0 1 0 0 2 0 2 0 0 0 0 2 0 3 0 0 7 0 0 0 1 0 0 0 0 0 0 0 0 0 4 0 0 3 0 0 0 2 0 0 0 0 1 1 0 0 0 0 0 0 0 0 0 0 0 0 0 0 0 0 0 0 0 0 4 0 0 0 0 0 2 0 0 1 0 0 0 0 0 0 0 0 0 0 0 2 0 0 1 0 0 5 0 0 3 0 0 0 3 1 0 6 0 2 2 0 0 0 1 2 0 3 0 0 0 1 0 3 0 2 0 1 7 0 3 0 0 1 1 0 1 0 1 2 7 0 0 0 2 0 0 0 3 0 0 1 0 0 0 0 0 0 1 0 0 1 0 1 0 0 0 0 0 0 0 1 0 0 0 0 0 0 0 0 2 0 0 2 0 0 0 0 2 1 4 0 1 0 2 3 3 0 0 0 6 0 3 0 0 0 0 0 1 0 0 0 0
0 0 0 5 0 0 0 0 0 3 0 0 0 0 6 0 0 0 0 6 0 0 0 0 0 3 0 0 2 0 0 0 0 0 0 0 0 0 7 0 0 0 0 0 0 5 0 0 0 0 1 0 0 4 0 2 0 1 0 0 3 0 4 0 0 8 0 0 0 2 0 0 0 0 0 0 0 0 0 6 0 0 3 0 0 0 1 0 0 0 0 2 1 0 0 1 0 0 0 0 0 0 0 0 0 0 0 2 0 0 0 0 0 5 0 0 0 0 0 2 0 0 0 0 0 0 0 0 0 0 0 0 0 0 2 0 0 2 0 0 7 0 0 0 0 0 0 5 1 0 7 0 0 3 0 0 0 0 3 0 3 0 0 0 0 0 4 0 3 0 1 7 1 4 0 0 0 0 0 1 0 0 2 9 0 0 0 4 0 0 0 4 0 0 2 0 0 0 0 0 0 0 0 0 1 0 3 0 0 0 0 0 0 0 1 0 0 0 0 0 0 0 0 2 0 0 1 0 0 0 0 3 3 7 0 1 0 3 4 4 0 0 0 8 1 4 0 0 0 0 0 0 0 0 0 0
0 0 0 2 1 0 0 0 0 0 0 2 0 0 3 0 0 0 0 3 0 0 1 2 0 2 0 1 2 0 0 0 0 0 0 0 0 0 4 0 0 0 0 0 0 2 0 0 0 0 0 0 0 1 0 2 0 0 0 0 1 1 3 0 0 6 0 0 0 1 0 0 0 0 0 0 0 0 0 3 0 1 3 0 0 0 2 0 0 0 0 1 1 0 0 0 0 0 0 0 0 0 0 0 0 0 0 0 0 0 0 0 0 3 0 0 0 0 0 2 0 0 1 0 0 0 0 0 0 0 0 0 0 0 2 0 0 1 0 0 4 0 0 4 0 0 0 2 1 0 5 0 2 1 1 0 0 2 2 0 3 0 0 0 1 1 3 0 2 0 2 7 0 2 0 0 2 2 0 1 0 2 3 5 0 0 0 2 0 0 0 2 0 0 1 0 0 1 0 0 0 1 0 0 1 0 1 0 0 0 0 0 0 0 1 1 0 0 0 0 0 0 0 2 0 0 2 0 0 0 0 1 1 3 0 2 0 1 2 3 0 0 0 5 0 2 0 0 0 0 0 1 0 0 0 0
0 0 0 4 0 0 0 0 0 3 0 0 0 0 6 0 0 0 0 5 0 0 0 0 0 3 0 0 1 0 0 0 0 0 0 0 0 0 6 0 0 0 0 0 0 4 0 0 0 0 0 0 0 3 0 1 0 2 0 0 3 0 4 0 0 7 0 0 0 2 0 0 0 0 0 0 0 0 0 5 0 0 2 0 0 0 0 0 0 0 0 2 1 0 0 1 0 0 0 0 0 0 0 0 0 0 0 2 0 0 0 0 0 4 0 0 0 0 0 1 0 0 0 0 0 0 0 0 0 0 0 0 0 0 1 0 0 2 0 0 6 0 0 0 0 0 0 5 0 0 5 0 0 3 1 0 0 0 2 0 3 0 0 0 0 0 3 0 3 0 1 5 2 4 0 0 0 0 0 1 0 0 1 8 0 0 0 3 0 0 0 2 0 0 1 0 0 0 0 0 0 0 0 0 0 0 2 0 0 0 0 0 0 0 1 0 0 0 0 0 0 0 0 2 0 0 0 0 0 0 0 3 3 5 0 1 0 3 4 4 0 0 0 8 1 3 0 0 0 0 0 0 0 0 0 0
0 0 0 0 0 0 0 0 0 0 0 0 0 0 0 0 0 0 0 0 0 0 0 0 0 0 0 0 0 0 0 0 0 0 0 0 0 0 0 0 0 0 0 0 0 0 0 0 0 0 0 0 0 0 0 0 0 0 0 0 0 0 0 0 0 0 0 0 0 0 0 0 0 0 0 0 0 0 0 0 0 0 0 0 0 0 0 0 0 0 0 0 0 0 0 0 0 0 0 0 0 0 0 0 0 0 0 0 0 0 0 0 0 0 0 0 0 0 0 0 0 0 0 0 0 0 0 0 0 0 0 0 0 0 0 0 0 0 0 0 0 0 0 0 0 0 0 0 0 0 0 0 0 0 0 0 0 0 0 0 0 0 0 0 0 0 0 0 0 0 0 0 0 0 0 0 0 0 0 0 0 0 0 0 0 0 0 0 0 0 0 0 0 0 0 0 0 0 0 0 0 0 0 0 0 0 0 0 0 0 0 0 0 0 0 0 0 0 0 0 0 0 0 0 0 0 0 0 0 0 0 0 0 0 0 0 0 0 0 0 0 0 0 0 0 0 0 0 0 0 0 0 0 0 0 0
0 0 0 4 0 0 0 0 0 3 0 0 0 0 6 0 0 0 0 5 0 0 0 0 0 3 0 0 1 0 0 0 0 0 0 0 0 0 6 0 0 0 0 0 0 5 0 0 0 0 0 0 0 3 0 1 0 1 0 0 2 0 4 0 0 7 0 0 0 2 0 0 0 0 0 0 0 0 0 5 0 0 3 0 0 0 0 0 0 0 0 2 1 0 0 1 0 0 0 0 0 0 0 0 0 0 0 2 0 0 0 0 0 4 0 0 0 0 0 1 0 0 0 0 0 0 0 0 0 0 0 0 0 0 2 0 0 2 0 0 6 0 0 0 0 0 0 5 1 0 6 0 0 3 0 0 0 0 2 0 3 0 0 0 0 0 3 0 3 0 1 6 1 4 0 0 0 0 0 1 0 0 2 8 0 0 0 3 0 0 0 3 0 0 2 0 0 0 0 0 0 0 0 0 1 0 3 0 0 0 0 0 0 0 1 0 0 0 0 0 0 0 0 2 0 0 0 0 0 0 0 3 3 6 0 1 0 3 4 4 0 0 0 7 1 3 0 0 0 0 0 0 0 0 0 0
8 5 0 0 4 0 2 0 0 0 23 11 0 4 0 0 0 0 0 0 0 7 7 11 0 0 0 8 3 0 0 0 0 0 0 0 3 0 2 0 0 0 0 0 16 0 0 0 7 0 0 11 0 0 15 6 0 0 0 0 0 12 0 0 9 5 11 4 0 0 0 0 0 0 0 0 0 0 0 0 0 4 5 5 0 5 6 0 0 1 0 1 5 0 0 0 0 0 0 0 0 0 4 0 0 0 6 0 0 0 0 0 0 0 0 0 5 11 0 5 0 0 9 14 0 0 1 1 3 0 0 0 0 5 6 0 0 2 0 0 0 0 0 22 0 0 0 0 0 0 3 0 9 1 6 0 0 14 0 4 4 1 0 0 6 6 0 3 2 0 4 12 0 0 0 0 7 9 0 0 3 12 8 0 0 4 0 0 0 3 7 0 0 0 2 0 0 1 5 0 7 4 0 4 0 0 0 0 8 2 0 0 0 0 9 2 0 0 0 0 0 0 0 5 0 0 5 0 0 0 5 0 1 0 0 2 0 1 0 1 0 0 0 0 0 0 4 0 5 0 0 3 10 0 7 4
3 1 0 0 2 0 0 0 0 0 9 8 0 0 0 0 0 0 0 0 0 3 5 6 0 0 0 4 4 0 0 0 0 0 0 0 1 0 2 0 0 0 0 0 4 0 0 0 0 0 0 1 0 0 8 4 0 0 0 0 0 6 1 0 4 4 5 2 0 0 0 0 0 0 0 0 0 0 0 0 0 2 4 0 0 0 5 0 0 0 0 0 4 0 0 0 0 0 0 0 0 0 3 0 0 0 0 0 0 0 0 0 0 0 0 0 0 6 0 5 0 0 5 5 0 0 0 0 0 0 0 0 0 3 4 0 0 0 0 0 0 0 0 12 0 0 0 0 0 0 3 0 7 0 2 0 0 7 0 0 3 0 0 0 4 5 1 0 2 0 2 10 0 0 0 0 4 5 0 0 0 7 5 1 0 2 0 0 0 0 0 0 0 0 0 0 0 1 0 0 3 3 0 2 0 0 0 0 1 0 0 0 0 0 5 3 0 0 0 0 0 0 0 4 0 0 5 0 0 0 0 0 0 0 0 2 0 0 0 1 0 0 0 0 0 0 1 0 2 0 0 2 3 0 0 0
3 1 0 0 2 0 0 0 0 0 9 7 0 0 0 0 0 0 0 0 0 2 4 6 0 0 0 4 3 0 0 0 0 0 0 0 1 0 1 0 0 0 0 0 5 0 0 0 1 0 0 3 0 0 7 3 0 0 0 0 0 6 0 0 4 3 5 2 0 0 0 0 0 0 0 0 0 0 0 0 0 2 3 0 0 0 4 0 0 0 0 0 3 0 0 0 0 0 0 0 0 0 2 0 0 0 1 0 0 0 0 0 0 0 0 0 1 5 0 3 0 0 4 5 0 0 0 0 0 0 0 0 0 2 3 0 0 0 0 0 0 0 0 11 0 0 0 0 0 0 2 0 5 0 2 0 0 6 0 1 2 0 0 0 4 4 0 0 2 0 2 8 0 0 0 0 4 4 0 0 1 6 4 0 0 2 0 0 0 0 0 0 0 0 0 0 0 1 1 0 2 2 0 2 0 0 0 0 2 0 0 0 0 0 4 2 0 0 0 0 0 0 0 3 0 0 3 0 0 0 1 0 0 0 0 1 0 0 0 0 0 0 0 0 0 0 1 0 2 0 0 1 3 0 1 1
0 0 0 4 0 0 0 0 0 2 0 0 0 0 5 0 0 0 0 4 0 0 0 0 0 3 0 0 1 0 0 0 0 0 0 0 0 0 5 0 0 0 0 0 0 4 0 0 0 0 0 0 0 3 0 1 0 1 0 0 2 0 4 0 0 7 0 0 0 2 0 0 0 0 0 0 0 0 0 5 0 0 3 0 0 0 1 0 0 0 0 2 1 0 0 1 0 0 0 0 0 0 0 0 0 0 0 1 0 0 0 0 0 5 0 0 0 0 0 1 0 0 0 0 0 0 0 0 0 0 0 0 0 0 1 0 0 2 0 0 5 0 0 0 0 0 0 5 1 0 6 0 0 3 0 0 0 0 2 0 3 0 0 0 0 0 3 0 3 0 1 5 1 4 0 0 0 0 0 1 0 0 1 8 0 0 0 3 0 0 0 3 0 0 2 0 0 0 0 0 0 0 0 0 0 0 2 0 0 0 0 0 0 0 0 0 0 0 0 0 0 0 0 2 0 0 0 0 0 0 0 3 3 5 0 1 0 3 3 4 0 0 0 7 1 3 0 0 0 0 0 0 0 0 0 0
1 0 0 1 1 0 0 0 0 0 3 2 0 0 0 0 0 0 0 2 0 1 2 2 0 1 0 2 1 0 0 0 0 0 0 0 1 0 2 0 0 0 0 0 2 0 0 0 0 0 0 0 0 0 1 2 0 0 0 0 1 1 1 0 2 3 1 0 0 0 0 0 0 0 0 0 0 0 0 0 0 0 1 0 0 0 1 0 0 0 0 1 2 0 0 0 0 0 0 0 0 0 1 0 0 0 0 0 0 0 0 0 0 1 0 0 0 1 0 2 0 0 2 2 0 0 0 0 0 0 0 0 0 1 1 0 0 1 0 0 2 0 0 4 0 0 0 0 0 0 2 0 2 1 1 0 0 3 0 0 2 0 0 0 2 1 1 1 1 0 1 4 0 0 0 0 1 1 0 0 0 2 2 1 0 1 0 1 0 0 0 1 0 0 0 0 0 0 0 0 2 0 0 0 0 0 0 0 1 0 0 0 0 0 2 1 0 0 0 0 0 0 0 1 0 0 2 0 0 0 0 0 1 1 0 1 0 1 0 1 0 0 0 1 0 0 0 0 1 0 0 1 1 0 0 0
5 2 0 0 3 0 0 0 0 0 14 10 0 0 0 0 0 0 0 0 0 4 6 9 0 0 0 6 4 0 0 0 0 0 0 0 2 0 1 0 0 0 0 0 7 0 0 0 1 0 0 4 0 0 11 5 0 0 0 0 0 9 0 0 6 4 8 2 0 0 0 0 0 0 0 0 0 0 0 0 0 3 5 0 0 1 6 0 0 0 0 0 5 0 0 0 0 0 0 0 0 0 4 0 0 0 1 0 0 0 0 0 0 0 0 0 1 8 0 5 0 0 7 9 0 0 0 0 0 0 0 0 0 4 5 0 0 0 0 0 0 0 0 17 0 0 0 0 0 0 2 0 8 0 4 0 0 10 0 1 3 0 0 0 6 6 0 1 3 0 3 13 0 0 0 0 6 7 0 0 1 10 6 0 0 3 0 0 0 0 0 0 0 0 0 0 0 2 1 0 4 3 0 3 0 0 0 0 3 0 0 0 0 0 7 3 0 0 0 0 0 0 0 4 0 0 6 0 0 0 1 0 0 0 0 2 0 0 0 0 0 0 0 0 0 0 3 0 3 0 0 2 6 0 1 1
0 0 0 2 1 0 0 0 0 1 0 0 0 0 3 0 0 0 0 1 0 0 1 0 0 1 0 0 1 0 0 0 0 0 0 0 0 0 2 0 0 0 0 0 0 2 0 0 0 0 0 0 0 1 0 1 0 0 0 0 1 0 1 0 0 4 0 0 0 1 0 0 0 0 0 0 0 0 0 2 0 0 2 0 0 0 1 0 0 0 0 0 1 0 0 0 0 0 0 0 0 0 0 0 0 0 0 1 0 0 0 0 0 2 0 0 0 0 0 1 0 0 0 0 0 0 0 0 0 0 0 0 0 0 1 0 0 0 0 0 3 0 0 0 0 0 0 2 0 0 2 0 1 1 0 0 0 0 1 0 1 0 0 0 0 0 2 1 1 0 1 3 0 1 0 0 0 1 0 0 0 0 1 3 0 0 0 1 0 0 0 1 0 0 1 0 0 0 0 0 0 0 0 0 0 0 2 0 0 0 0 0 0 0 0 0 0 0 0 0 0 0 0 1 0 0 0 0 0 0 0 1 1 2 0 0 0 1 1 2 0 0 0 3 0 1 0 0 0 0 0 0 0 0 0 0
0 0 0 2 1 0 0 0 0 0 0 2 0 0 2 0 0 0 0 3 0 0 1 2 0 2 0 1 3 0 0 0 0 0 0 0 0 0 4 0 0 0 0 0 0 2 0 0 0 0 0 0 0 1 0 2 0 0 0 0 1 0 3 0 0 6 0 0 0 1 0 0 0 0 0 0 0 0 0 2 0 1 3 0 0 0 2 0 0 0 0 0 1 0 0 0 0 0 0 0 0 0 1 0 0 0 0 0 0 0 0 0 0 3 0 0 0 0 0 3 0 0 1 0 0 0 0 0 0 0 0 0 0 0 2 0 0 0 0 0 3 0 0 5 0 0 0 2 1 0 5 0 3 1 1 0 0 2 2 0 3 0 0 0 1 1 2 0 2 0 1 7 0 2 0 0 2 2 0 1 0 2 3 5 0 0 0 2 0 0 0 2 0 0 0 0 0 1 0 0 0 1 0 0 0 0 0 0 0 0 0 0 0 0 2 0 0 0 0 0 0 0 0 2 0 0 2 0 0 0 0 1 0 3 0 1 0 1 2 2 0 0 0 5 0 2 0 0 0 0 0 1 0 0 0 0
0 0 0 6 0 0 0 0 0 3 0 0 0 0 7 0 0 0 0 6 0 0 0 0 0 4 0 0 1 0 0 0 0 0 0 0 0 0 7 0 0 0 0 0 0 6 0 0 0 0 0 0 0 4 0 1 0 1 0 0 3 0 4 0 0 9 0 0 0 2 0 0 0 0 0 0 0 0 0 6 0 0 3 0 0 0 0 0 0 0 0 3 1 0 0 2 0 0 0 0 0 0 0 0 0 0 0 2 0 0 0 0 0 5 0 0 0 0 0 1 0 0 0 0 0 0 0 0 0 0 0 0 0 0 2 0 0 2 0 0 7 0 0 0 0 0 0 6 1 0 7 0 0 4 0 0 0 0 2 0 3 0 0 0 0 0 4 0 4 0 1 7 1 5 0 0 0 0 0 1 0 0 2 10 0 0 0 4 0 0 0 3 0 0 2 0 0 0 0 0 0 0 0 0 0 0 3 0 0 0 0 0 0 0 1 0 0 0 0 0 0 0 0 2 0 1 0 0 0 0 0 4 3 7 0 1 0 4 5 4 0 0 0 9 1 5 0 0 0 0 0 0 0 0 0 0
5 4 0 0 2 0 1 0 0 0 14 6 0 3 0 0 0 0 0 0 0 5 4 6 0 1 0 5 1 0 0 0 0 0 0 0 2 0 1 0 0 0 0 0 10 0 0 0 4 0 0 7 0 0 9 3 0 0 0 0 0 7 0 0 5 3 7 3 0 0 0 0 0 0 1 0 0 0 0 0 0 2 2 4 0 4 3 0 0 1 0 1 3 0 0 0 0 0 0 0 0 0 2 0 0 0 4 0 0 0 0 0 0 0 0 0 4 7 0 3 0 0 5 9 0 0 0 1 2 0 0 0 0 3 4 0 0 2 0 0 0 0 0 13 0 0 1 0 0 0 1 0 5 1 4 0 0 8 0 4 3 1 0 0 4 4 0 3 1 0 3 7 0 0 0 0 4 5 0 0 2 7 4 0 0 3 0 0 0 3 6 0 0 0 1 0 0 1 4 0 4 2 0 2 0 0 0 0 5 1 0 0 0 0 5 1 0 0 0 0 0 0 0 3 0 0 3 0 0 0 4 0 1 0 0 2 0 0 0 0 0 0 0 0 0 0 3 0 3 0 0 2 7 0 4 2
0 0 0 4 0 0 0 0 0 3 0 0 0 0 6 0 0 0 0 5 0 0 0 0 0 3 0 0 2 0 0 0 0 0 0 0 0 0 6 0 0 0 0 0 0 5 0 0 0 0 1 0 0 3 0 1 0 1 0 0 3 0 4 0 0 7 0 0 0 2 0 0 0 0 0 0 0 0 0 5 0 0 3 0 0 0 1 0 0 0 0 2 1 0 0 1 0 0 0 0 0 0 0 0 0 0 0 2 0 0 0 0 0 5 0 0 0 0 0 1 0 0 0 0 0 0 0 0 0 0 0 0 0 0 2 0 0 2 0 0 6 0 0 0 0 0 0 5 1 0 6 0 0 3 0 0 0 0 2 0 3 0 0 0 0 0 4 0 3 0 1 6 1 4 0 0 0 0 0 1 0 0 2 8 0 0 0 3 0 0 0 3 0 0 1 0 0 0 0 0 0 0 0 0 0 0 2 0 0 0 0 0 0 0 1 0 0 0 0 0 0 0 0 2 0 0 0 0 0 0 0 3 3 6 0 1 0 3 4 4 0 0 0 8 1 4 0 0 0 0 0 0 0 0 0 0
0 0 0 2 1 0 0 0 0 0 0 2 0 0 3 0 0 0 0 3 0 0 1 1 0 2 0 1 2 0 0 0 0 0 0 0 0 0 4 0 0 0 0 0 0 3 0 0 0 0 0 0 0 2 0 2 0 0 0 0 1 0 3 0 0 6 0 0 0 1 0 0 0 0 0 0 0 0 0 3 0 1 3 0 0 0 2 0 0 0 0 0 1 0 0 0 0 0 0 0 0 0 0 0 0 0 0 0 0 0 0 0 0 3 0 0 0 0 0 2 0 0 1 0 0 0 0 0 0 0 0 0 0 0 2 0 0 0 0 0 4 0 0 3 0 0 0 3 1 0 5 0 2 1 1 0 0 1 2 0 3 0 0 0 1 0 3 0 2 0 1 7 0 2 0 0 2 1 0 1 0 1 3 5 0 0 0 2 0 0 0 2 0 0 0 0 0 0 0 0 0 1 0 0 1 0 1 0 0 0 0 0 0 0 1 0 0 0 0 0 0 0 0 2 0 0 2 0 0 0 0 2 1 3 0 1 0 1 2 3 0 0 0 5 0 2 0 0 0 0 0 1 0 0 0 0
2 0 0 0 2 0 0 0 0 0 5 5 0 0 0 0 0 0 0 2 0 2 4 5 0 1 0 3 4 0 0 0 0 0 0 0 1 0 3 0 0 0 0 0 1 0 0 0 0 0 0 0 0 0 4 3 0 0 0 0 0 3 2 0 2 5 3 1 0 1 0 0 0 0 0 0 0 0 0 0 0 1 3 0 0 0 4 0 0 0 0 0 3 0 0 0 0 0 0 0 0 0 2 0 0 0 0 0 0 0 0 0 0 1 0 0 0 3 0 4 0 0 4 3 0 0 0 0 0 0 0 0 0 2 3 0 0 0 0 0 1 0 0 9 0 0 0 0 1 0 4 0 5 0 2 0 0 5 0 0 3 0 0 0 3 3 1 0 3 0 2 9 0 0 0 0 4 4 0 0 0 5 4 2 0 1 0 1 0 0 0 1 0 0 0 0 0 1 0 0 2 2 0 1 0 0 0 0 0 0 0 0 0 0 4 2 0 0 0 0 0 0 0 3 0 0 4 0 0 0 0 0 0 0 0 2 0 1 0 2 0 0 0 2 0 0 0 0 1 0 0 2 1 0 0 0
0 0 0 5 0 0 0 0 0 3 0 0 0 0 6 0 0 0 0 5 0 0 0 0 0 3 0 0 1 0 0 0 0 0 0 0 0 0 6 0 0 0 0 0 0 5 0 0 0 0 0 0 0 3 0 1 0 1 0 0 3 0 4 0 0 7 0 0 0 2 0 0 0 0 0 0 0 0 0 6 0 0 3 0 0 0 0 0 0 0 0 2 1 0 0 1 0 0 0 0 0 0 0 0 0 0 0 2 0 0 0 0 0 5 0 0 0 0 0 1 0 0 0 0 0 0 0 0 0 0 0 0 0 0 2 0 0 2 0 0 6 0 0 0 0 0 0 5 0 0 6 0 0 3 0 0 0 0 2 0 3 0 0 0 0 0 3 0 3 0 1 5 2 4 0 0 0 0 0 1 0 0 1 8 0 0 0 3 0 0 0 3 0 0 1 0 0 0 0 0 0 0 0 0 0 0 3 0 0 0 0 0 0 0 1 0 0 0 0 0 0 0 0 2 0 1 0 0 0 0 0 3 3 6 0 1 0 3 4 4 0 0 0 8 1 4 0 0 0 0 0 0 0 0 0 0
0 0 0 3 0 0 0 0 0 1 0 0 0 0 4 0 0 0 0 3 0 0 1 0 0 2 0 0 2 0 0 0 0 0 0 0 0 0 4 0 0 0 0 0 0 3 0 0 0 0 1 0 0 2 0 1 0 0 0 0 2 0 3 0 0 6 0 0 0 1 0 0 0 0 0 0 0 0 0 4 0 0 3 0 0 0 1 0 0 0 0 1 1 0 0 0 0 0 0 0 0 0 0 0 0 0 0 1 0 0 0 0 0 3 0 0 0 0 0 1 0 0 0 0 0 0 0 0 0 0 0 0 0 0 1 0 0 1 0 0 4 0 0 1 0 0 0 3 1 0 5 0 1 2 0 0 0 0 2 0 2 0 0 0 0 0 3 0 2 0 1 6 0 3 0 0 0 1 0 1 0 0 2 6 0 0 0 2 0 0 0 3 0 0 1 0 0 0 0 0 0 0 0 0 1 0 2 0 0 0 0 0 0 0 0 0 0 0 0 0 0 0 0 2 0 0 1 0 0 0 0 2 2 4 0 1 0 2 2 3 0 0 0 6 1 2 0 0 0 0 0 0 0 0 0 0
5 4 0 0 2 0 1 0 0 0 15 6 0 4 0 0 0 0 0 0 0 6 4 7 0 1 0 5 1 0 0 0 0 0 0 0 2 0 1 0 0 0 0 0 10 0 0 0 4 0 0 7 0 0 10 3 0 0 0 0 0 7 0 0 5 3 8 3 0 0 0 0 0 0 1 0 0 0 0 0 0 2 2 5 0 4 3 0 0 1 0 1 3 0 0 0 0 0 0 0 0 0 3 0 0 0 4 0 0 0 0 0 0 0 0 0 4 7 0 2 0 0 5 10 0 0 0 2 3 0 0 0 0 3 4 0 0 2 0 0 0 0 0 14 0 0 0 0 0 0 2 0 5 1 4 0 0 8 0 4 3 1 0 0 4 3 0 3 1 0 3 7 0 0 0 0 4 5 0 0 2 7 4 0 0 3 0 0 0 3 7 0 0 0 2 0 0 1 4 0 4 2 0 3 0 0 0 0 5 2 0 0 0 0 5 1 0 0 0 0 0 0 0 3 0 0 3 0 0 0 4 0 1 0 0 1 0 1 0 0 0 0 0 0 0 0 3 0 3 0 0 2 7 0 5 2
0 0 0 5 0 0 0 0 0 3 0 0 0 0 6 0 0 0 0 5 0 0 0 0 0 3 0 0 1 0 0 0 0 0 0 0 0 0 7 0 0 0 0 0 0 5 0 0 0 0 1 0 0 3 0 1 0 1 0 0 3 0 4 0 0 8 0 0 0 2 0 0 0 0 0 0 0 0 0 6 0 0 3 0 0 0 1 0 0 0 0 2 1 0 0 1 0 0 0 1 0 0 0 0 0 0 0 2 0 0 0 0 0 5 0 0 0 0 0 1 0 0 0 0 0 0 0 0 0 0 0 0 0 0 2 0 0 2 0 0 7 0 0 0 0 0 0 6 1 0 7 0 0 3 0 0 0 0 2 0 3 0 0 0 0 0 4 0 3 0 1 6 1 4 0 0 0 0 0 1 0 0 2 9 0 0 0 3 0 0 0 3 0 0 2 0 0 0 0 0 0 0 0 0 0 0 3 0 0 0 0 0 0 0 1 0 0 0 0 0 0 0 0 2 0 0 0 0 0 0 0 3 3 7 0 1 0 3 4 4 0 0 0 8 1 4 0 0 0 0 0 0 0 0 0 0
0 0 0 3 0 0 0 0 0 1 0 1 0 0 4 0 0 0 0 4 0 0 1 1 0 2 0 0 2 0 0 0 0 0 0 0 0 0 5 0 0 0 0 0 0 3 0 0 0 0 1 0 0 2 0 2 0 0 0 0 2 0 3 0 0 6 0 0 0 1 0 0 0 0 0 0 0 0 0 4 0 1 3 0 0 0 2 0 0 0 0 1 1 0 0 0 0 0 0 0 0 0 0 0 0 0 0 0 0 0 0 0 0 4 0 0 0 0 0 2 0 0 1 0 0 0 0 0 0 0 0 0 0 0 2 0 0 1 0 0 4 0 0 3 0 0 0 3 1 0 6 0 2 2 0 0 0 0 2 0 3 0 0 0 1 0 3 0 2 0 1 7 0 3 0 0 1 1 0 1 0 1 2 6 0 0 0 2 0 0 0 3 0 0 1 0 0 1 0 0 0 0 0 0 1 0 1 0 0 0 0 0 0 0 1 0 0 0 0 0 0 0 0 2 0 0 2 0 0 0 0 2 1 4 0 1 0 2 3 3 0 0 0 6 1 3 0 0 0 0 0 1 0 0 0 0
4 2 0 0 3 0 0 0 0 0 12 8 0 0 0 0 0 0 0 0 0 3 5 7 0 0 0 5 3 0 0 0 0 0 0 0 2 0 1 0 0 0 0 0 7 0 0 0 2 0 0 4 0 0 9 4 0 0 0 0 0 8 0 0 5 3 6 2 0 0 0 0 0 0 0 0 0 0 0 0 0 3 4 0 0 1 4 0 0 0 0 0 4 0 0 0 0 0 0 0 0 0 3 0 0 0 1 0 0 0 0 0 0 0 0 0 1 7 0 4 0 0 6 7 0 0 1 0 0 0 0 0 0 3 4 0 0 0 0 0 0 0 0 14 0 0 0 0 0 0 2 0 7 0 3 0 0 8 0 1 3 0 0 0 4 5 0 1 2 0 3 10 0 0 0 0 5 5 0 0 1 8 5 0 0 2 0 0 0 0 0 0 0 0 0 0 0 2 2 0 3 3 0 3 0 0 0 0 3 0 0 0 0 0 6 2 0 0 0 0 0 0 0 4 0 0 4 0 0 0 1 0 0 0 0 1 0 0 0 0 0 0 0 0 0 0 2 0 3 0 0 2 5 0 1 1
0 0 0 5 0 0 0 0 0 3 0 0 0 0 6 0 0 0 0 5 0 0 0 0 0 3 0 0 1 0 0 0 0 0 0 0 0 0 6 0 0 0 0 0 0 4 0 0 0 0 0 0 0 3 0 1 0 1 0 0 3 0 4 0 0 7 0 0 0 2 0 0 0 0 0 0 0 0 0 5 0 0 3 0 0 0 0 0 0 0 0 2 1 0 0 1 0 0 0 0 0 0 0 0 0 0 0 2 0 0 0 0 0 5 0 0 0 0 0 1 0 0 0 0 0 0 0 0 0 0 0 0 0 0 2 0 0 2 0 0 6 0 0 0 0 0 0 5 1 0 6 0 0 3 0 0 0 0 2 0 3 0 0 0 0 0 4 0 3 0 1 6 1 4 0 0 0 0 0 1 0 0 1 8 0 0 0 3 0 0 0 3 0 0 2 0 0 0 0 0 0 0 0 0 0 0 3 0 0 0 0 0 0 0 1 0 0 0 0 0 0 0 0 2 0 0 0 0 0 0 0 3 3 6 0 1 0 3 4 4 0 0 0 8 1 3 0 0 0 0 0 0 0 0 0 0
5 1 0 0 3 0 0 0 0 0 13 10 0 0 0 0 0 0 0 0 0 3 6 8 0 0 0 5 4 0 0 0 0 0 0 0 2 0 1 0 0 0 0 0 7 0 0 0 1 0 0 4 0 0 11 4 0 0 0 0 0 8 0 0 5 3 7 2 0 0 0 0 0 0 0 0 0 0 0 0 0 3 5 0 0 0 5 0 0 0 0 0 4 0 0 0 0 0 0 0 0 0 3 0 0 0 2 0 0 0 0 0 0 0 0 0 1 8 0 5 0 0 6 8 0 0 1 0 0 0 0 0 0 4 5 0 0 0 0 0 0 0 0 15 0 0 0 0 0 0 2 0 8 0 4 0 0 9 0 1 3 0 0 0 5 6 0 0 2 0 3 11 0 0 0 0 6 6 0 0 1 9 6 0 0 3 0 0 0 0 0 0 0 0 0 0 0 2 2 0 3 4 0 3 0 0 0 0 2 0 0 0 0 0 6 3 0 0 0 0 0 0 0 4 0 0 5 0 0 0 1 0 0 0 0 2 0 0 0 0 0 0 0 0 0 0 3 0 3 0 0 2 5 0 1 1
0 0 0 2 0 0 0 0 0 1 0 1 0 0 3 0 0 0 0 3 0 0 1 0 0 2 0 0 2 0 0 0 0 0 0 0 0 0 4 0 0 0 0 0 0 2 0 0 0 0 0 0 0 1 0 1 0 0 0 0 2 0 3 0 0 5 0 0 0 1 0 0 0 0 0 0 0 0 0 3 0 0 3 0 0 0 2 0 0 0 0 1 1 0 0 0 0 0 0 0 0 0 0 0 0 0 0 0 0 0 0 0 0 3 0 0 0 0 0 1 0 0 0 0 0 0 0 0 0 0 0 0 0 0 2 0 0 1 0 0 4 0 0 2 0 0 0 3 1 0 5 0 1 2 0 0 0 1 2 0 2 0 0 0 1 0 3 0 2 0 1 6 1 2 0 0 1 1 0 1 0 1 2 5 0 0 0 2 0 0 0 2 0 0 0 0 0 0 0 0 0 0 0 0 1 0 1 0 0 0 0 0 0 0 1 1 0 0 0 0 0 0 0 2 0 0 1 0 0 0 0 2 1 3 0 1 0 2 2 3 0 0 0 5 1 1 0 0 0 0 0 0 0 0 0 0
4 3 0 0 3 0 1 0 0 0 12 6 0 1 0 0 0 0 0 0 0 3 4 6 0 0 0 5 2 0 0 0 0 0 0 0 1 0 1 0 0 0 0 0 7 0 0 0 3 0 0 5 0 0 8 4 0 0 0 0 0 7 0 0 5 3 6 3 0 0 0 0 0 0 0 0 0 0 0 0 0 2 3 2 0 2 4 0 0 0 0 0 3 0 0 0 0 0 0 0 0 0 2 0 0 0 2 0 0 0 0 0 0 0 0 0 2 6 0 3 0 0 5 7 0 0 1 0 1 0 0 0 0 3 4 0 0 1 0 0 0 0 0 13 0 0 0 0 0 0 2 0 6 0 3 0 0 8 0 2 2 0 0 0 3 4 0 1 2 0 2 8 0 0 0 0 5 5 0 0 1 7 4 0 0 2 0 0 0 1 2 0 0 0 0 0 0 1 2 0 3 3 0 2 0 0 0 0 4 1 0 0 0 0 5 1 0 0 0 0 0 0 0 3 0 0 3 0 0 0 2 0 0 0 0 1 0 0 0 0 0 0 0 0 0 0 2 0 3 0 0 2 5 0 3 2
0 0 0 4 0 0 0 0 0 3 0 0 0 0 6 0 0 0 0 5 0 0 0 0 0 3 0 0 2 0 0 0 0 0 0 0 0 0 6 0 0 0 0 0 0 5 0 0 0 0 1 0 0 3 0 1 0 1 0 0 3 0 4 0 0 8 0 0 0 2 0 0 0 0 0 0 0 0 0 5 0 0 3 0 0 0 1 0 0 0 0 2 1 0 0 1 0 0 0 0 0 0 0 0 0 0 0 2 0 0 0 0 0 5 0 0 0 0 0 1 0 0 0 0 0 0 0 0 0 0 0 0 0 0 2 0 0 2 0 0 6 0 0 0 0 0 0 5 1 0 7 0 1 3 0 0 0 0 3 0 3 0 0 0 0 0 4 0 3 0 1 7 1 4 0 0 0 0 0 1 0 0 2 8 0 0 0 3 0 0 0 3 0 0 1 0 0 0 0 0 0 0 0 0 1 0 2 0 0 0 0 0 0 0 1 0 0 0 0 0 0 0 0 3 0 0 1 0 0 0 0 3 3 6 0 1 0 3 4 4 0 0 0 8 1 4 0 0 0 0 0 0 0 0 0 0
0 0 0 0 0 0 0 0 0 0 0 0 0 0 0 0 0 0 0 0 0 0 0 0 0 0 0 0 0 0 0 0 0 0 0 0 0 0 0 0 0 0 0 0 0 0 0 0 0 0 0 0 0 0 0 0 0 0 0 0 0 0 0 0 0 0 0 0 0 0 0 0 0 0 0 0 0 0 0 0 0 0 0 0 0 0 0 0 0 0 0 0 0 0 0 0 0 0 0 0 0 0 0 0 0 0 0 0 0 0 0 0 0 0 0 0 0 0 0 0 0 0 0 0 0 0 0 0 0 0 0 0 0 0 0 0 0 0 0 0 0 0 0 0 0 0 0 0 0 0 0 0 0 0 0 0 0 0 0 0 0 0 0 0 0 0 0 0 0 0 0 0 0 0 0 0 0 0 0 0 0 0 0 0 0 0 0 0 0 0 0 0 0 0 0 0 0 0 0 0 0 0 0 0 0 0 0 0 0 0 0 0 0 0 0 0 0 0 0 0 0 0 0 0 0 0 0 0 0 0 0 0 0 0 0 0 0 0 0 0 0 0 0 0 0 0 0 0 0 0 0 0 0 0 0 0
4 1 0 0 3 0 0 0 0 0 11 9 0 0 0 0 0 0 0 0 0 3 5 7 0 0 0 5 4 0 0 0 0 0 0 0 1 0 1 0 0 0 0 0 5 0 0 0 0 0 0 2 0 0 9 4 0 0 0 0 0 7 1 0 5 4 6 2 0 0 0 0 0 0 0 0 0 0 1 0 0 2 5 0 0 0 5 0 0 0 0 0 4 0 0 0 0 0 0 0 0 0 3 0 0 0 1 0 0 0 0 0 0 0 0 0 1 7 0 5 0 0 5 6 0 0 1 0 0 0 0 0 0 3 5 0 0 0 0 0 0 0 0 13 0 0 0 0 0 0 2 0 8 0 3 0 0 8 0 0 3 0 0 0 4 5 1 1 2 0 3 11 0 0 0 0 5 5 0 0 0 8 6 0 0 3 0 0 0 0 0 0 0 0 0 0 0 1 1 0 3 3 0 3 0 0 0 0 2 0 0 0 0 0 5 3 0 0 0 0 0 0 0 4 0 0 5 0 0 0 0 0 0 0 0 2 0 0 0 0 0 0 0 0 0 0 2 0 3 0 0 2 4 0 0 1
9 6 0 0 6 0 0 0 0 0 26 15 0 2 0 0 0 0 0 0 0 7 10 15 0 0 0 11 4 0 0 0 0 0 0 0 4 0 2 0 0 0 0 0 17 0 0 0 6 0 0 12 0 0 20 8 0 0 0 0 0 15 0 0 10 6 14 5 0 0 0 0 0 0 0 0 0 0 1 0 0 5 7 5 0 4 8 0 0 1 0 0 7 0 0 0 0 0 0 0 0 0 5 0 0 0 6 0 0 0 0 0 0 0 0 0 5 14 0 7 0 0 12 17 0 0 1 0 3 0 0 0 0 7 9 0 0 1 0 0 0 0 0 28 0 0 1 0 0 0 2 0 13 0 8 0 0 17 0 5 5 0 0 0 8 10 0 3 4 0 5 17 0 0 0 0 10 11 0 0 4 15 10 0 0 5 0 0 0 3 5 0 0 0 1 0 0 3 5 0 7 6 0 5 0 0 0 0 8 1 0 0 0 0 12 3 0 0 0 0 0 0 0 7 0 0 7 0 0 0 4 0 0 0 0 2 0 0 0 0 0 0 0 0 0 0 6 0 6 0 0 4 12 0 6 4
7 4 0 0 5 0 0 0 0 0 22 14 0 0 0 0 0 0 0 0 0 6 9 13 0 0 0 9 4 0 0 0 0 0 0 0 3 0 1 0 0 0 0 0 13 0 0 0 4 0 0 9 0 0 17 7 0 0 0 0 0 13 0 0 9 5 12 3 0 0 0 0 0 0 0 0 0 0 1 0 0 4 6 3 0 3 7 0 0 0 0 0 6 0 0 0 0 0 0 0 0 0 5 0 0 0 5 0 0 0 0 0 0 0 0 0 4 12 0 7 0 0 10 14 0 0 1 0 2 0 0 0 0 6 8 0 0 0 0 0 0 0 0 24 0 0 1 0 0 0 2 0 11 0 6 0 0 15 0 4 5 0 0 0 7 8 0 2 3 0 4 16 0 0 0 0 9 9 0 0 3 13 9 0 0 5 0 0 0 1 3 0 0 0 0 0 0 3 4 0 6 5 0 5 0 0 0 0 6 0 0 0 0 0 11 4 0 0 0 0 0 0 0 6 0 0 7 0 0 0 4 0 0 0 0 2 0 0 0 0 0 0 0 0 0 0 5 0 5 0 0 3 10 0 4 3
0 0 0 3 1 0 0 0 0 1 0 1 0 0 4 0 0 0 0 4 0 0 1 1 0 2 0 0 2 0 0 0 0 0 0 0 0 0 5 0 0 0 0 0 0 3 0 0 0 0 1 0 0 2 0 2 0 0 0 0 2 0 4 0 0 7 0 0 0 1 0 0 0 0 0 0 0 0 0 4 0 0 3 0 0 0 2 0 0 0 0 1 2 0 0 0 0 0 0 0 0 0 0 0 0 0 0 1 0 0 0 0 0 4 0 0 0 0 0 2 0 0 1 0 0 0 0 0 0 0 0 0 0 0 2 0 0 1 0 0 5 0 0 2 0 0 0 4 1 0 6 0 2 2 0 0 0 1 2 0 3 0 0 0 0 0 4 0 2 0 1 7 1 3 0 0 1 1 0 1 0 1 2 7 0 0 0 3 0 0 0 3 0 0 1 0 0 0 0 0 0 0 0 0 1 0 1 0 0 0 0 0 0 0 1 0 0 0 0 0 0 0 0 3 0 0 1 0 0 0 0 2 2 5 0 1 0 2 3 3 0 0 0 6 1 3 0 0 0 0 0 1 0 0 0 0
1 0 0 1 1 0 0 0 0 0 3 3 0 0 1 0 0 0 0 2 0 1 2 3 0 1 0 2 1 0 0 0 0 0 0 0 1 0 3 0 0 0 0 0 1 0 0 0 0 0 0 0 0 0 1 2 0 0 0 0 1 2 2 0 1 5 1 0 0 1 0 0 0 0 0 0 0 0 0 1 0 0 1 0 0 0 3 0 0 0 0 1 2 0 0 0 0 0 0 0 0 0 2 0 0 0 0 0 0 0 0 0 0 2 0 0 0 1 0 2 0 0 2 3 0 0 0 0 0 0 0 0 0 1 2 0 0 1 0 0 2 0 0 5 0 0 0 1 0 0 3 0 3 1 1 0 0 3 0 0 2 0 0 0 2 1 2 0 2 0 2 6 0 0 0 0 2 2 0 0 0 3 2 2 0 1 0 2 0 0 0 2 0 0 0 0 0 0 0 0 2 0 0 0 0 0 0 0 0 0 0 0 0 0 2 2 0 0 0 0 0 0 0 2 0 0 2 0 0 0 0 0 1 1 0 1 0 2 0 2 0 0 0 3 0 0 0 0 1 0 0 1 1 0 0 0
3 1 0 0 2 0 0 0 0 0 8 7 0 0 0 0 0 0 0 0 0 2 4 6 0 0 0 3 3 0 0 0 0 0 0 0 1 0 1 0 0 0 0 0 3 0 0 0 0 0 0 1 0 0 7 3 0 0 0 0 0 6 1 0 3 3 5 2 0 0 0 0 0 0 0 0 0 0 0 0 0 2 4 0 0 0 4 0 0 0 0 0 3 0 0 0 0 0 0 0 0 0 2 0 0 0 0 0 0 0 0 0 0 0 0 0 0 5 0 4 0 0 4 4 0 0 0 0 0 0 0 0 0 2 3 0 0 0 0 0 0 0 0 11 0 0 0 0 0 0 2 0 6 0 2 0 0 6 0 0 2 0 0 0 4 4 0 0 1 0 2 8 0 0 0 0 4 4 0 0 0 6 4 0 0 1 0 0 0 0 0 0 0 0 0 0 0 1 1 0 2 3 0 2 0 0 0 0 1 0 0 0 0 0 4 2 0 0 0 0 0 0 0 3 0 0 4 0 0 0 0 0 0 0 0 1 0 0 0 0 0 0 0 0 0 0 1 0 1 0 0 1 3 0 0 0
0 0 0 4 0 0 0 0 0 2 0 0 0 0 5 0 0 0 0 5 0 0 0 0 0 3 0 0 2 0 0 0 0 0 0 0 0 0 6 0 0 0 0 0 0 4 0 0 0 0 1 0 0 3 0 2 0 1 0 0 2 0 4 0 0 7 0 0 0 2 0 0 0 0 0 0 0 0 0 5 0 0 3 0 0 0 1 0 0 0 0 2 1 0 0 1 0 0 0 0 0 0 0 0 0 0 0 1 0 0 0 0 0 5 0 0 0 0 0 2 0 0 1 0 0 0 0 0 0 0 0 0 0 0 2 0 0 2 0 0 6 0 0 1 0 0 0 5 1 0 7 0 1 2 0 0 0 0 2 0 3 0 0 0 0 0 4 0 3 0 2 7 1 4 0 0 1 0 0 1 0 0 2 8 0 0 0 3 0 0 0 3 0 0 1 0 0 0 0 0 0 0 0 0 1 0 2 0 0 0 0 0 0 0 1 0 0 0 0 0 0 0 0 2 0 0 1 0 0 0 0 3 2 6 0 1 0 3 4 4 0 0 0 8 1 4 0 0 0 0 0 0 0 0 0 0
0 0 0 4 0 0 0 0 0 2 0 0 0 0 6 0 0 0 0 5 0 0 0 0 0 3 0 0 1 0 0 0 0 0 0 0 0 0 5 0 0 0 0 0 0 4 0 0 0 0 1 0 0 3 0 1 0 1 0 0 2 0 4 0 0 7 0 0 0 2 0 0 0 0 0 0 0 0 0 5 0 0 3 0 0 0 1 0 0 0 0 2 1 0 0 1 0 0 0 0 0 0 0 0 0 0 0 1 0 0 0 0 0 5 0 0 0 0 0 1 0 0 0 0 0 0 0 0 0 0 0 0 0 0 1 0 0 2 0 0 6 0 0 0 0 0 0 5 1 0 6 0 0 3 0 0 0 0 2 0 3 0 0 0 0 0 4 0 3 0 1 6 1 4 0 0 0 0 0 1 0 0 2 8 0 0 0 3 0 0 0 3 0 0 1 0 0 0 0 0 0 0 0 0 0 0 2 0 0 0 0 0 0 0 0 0 0 0 0 0 0 0 0 2 0 0 0 0 0 0 0 3 3 6 0 1 0 3 3 4 0 0 0 7 1 3 0 0 0 0 0 0 0 0 0 0
4 3 0 0 2 0 1 0 0 0 12 6 0 3 0 0 0 0 0 0 0 4 4 6 0 0 0 4 1 0 0 0 0 0 0 0 1 0 1 0 0 0 0 0 9 0 0 0 4 0 0 7 0 0 9 3 0 0 0 0 0 6 0 0 5 2 7 2 0 0 0 0 0 0 0 0 0 0 0 0 0 2 2 3 0 3 3 0 0 1 0 0 3 0 0 0 0 0 0 0 0 0 2 0 0 0 4 0 0 0 0 0 0 0 0 0 3 6 0 3 0 0 5 8 0 0 0 1 2 0 0 0 0 3 4 0 0 1 0 0 0 0 0 12 0 0 1 0 0 0 1 0 5 1 4 0 0 7 0 3 2 0 0 0 3 3 0 2 1 0 2 6 0 0 0 0 4 5 0 0 2 6 4 0 0 2 0 0 0 3 5 0 0 0 1 0 0 1 3 0 4 2 0 2 0 0 0 0 5 1 0 0 0 0 5 1 0 0 0 0 0 0 0 2 0 0 3 0 0 0 3 0 0 0 0 1 0 0 0 0 0 0 0 0 0 0 3 0 3 0 0 2 6 0 4 2
0 0 0 0 2 1 1 0 0 1 0 0 0 0 3 0 0 0 0 2 0 0 1 2 2 1 0 0 3 0 0 0 0 0 0 0 0 3 2 0 0 0 0 0 0 0 0 0 0 0 0 0 1 1 0 2 0 1 0 0 2 2 3 0 1 5 0 0 0 0 0 0 0 0 0 0 0 0 0 3 0 0 1 0 0 0 1 0 0 0 0 0 3 3 0 0 0 0 0 0 0 0 3 0 3 0 0 1 0 0 0 2 1 1 0 0 0 0 0 3 0 0 1 3 0 0 0 0 0 0 0 0 0 0 1 0 0 1 0 0 2 0 0 1 0 0 0 3 0 0 2 0 0 0 4 0 0 0 0 0 0 0 2 0 0 0 2 4 1 0 0 3 4 1 1 0 3 3 0 0 0 0 0 3 0 0 0 1 0 0 5 0 0 0 0 0 1 3 3 0 0 0 0 0 0 2 0 0 0 0 0 0 0 0 2 1 0 0 0 0 1 0 3 3 0 0 1 0 0 0 6 2 0 2 0 2 0 1 1 2 4 0 0 4 0 1 0 0 0 0 0 0 0 0 0 0
3 2 0 0 2 0 0 0 0 0 10 7 0 0 0 0 0 0 0 0 0 3 5 6 0 0 0 4 3 0 0 0 0 0 0 0 1 0 1 0 0 0 0 0 6 0 0 0 2 0 0 4 0 0 8 3 0 0 0 0 0 6 0 0 4 3 6 2 0 0 0 0 0 0 0 0 0 0 0 0 0 2 3 1 0 1 4 0 0 0 0 0 3 0 0 0 0 0 0 0 0 0 2 0 0 0 2 0 0 0 0 0 0 0 0 0 1 6 0 3 0 0 5 6 0 0 0 0 0 0 0 0 0 3 3 0 0 0 0 0 0 0 0 12 0 0 0 0 0 0 1 0 6 0 3 0 0 7 0 1 2 0 0 0 4 4 0 1 2 0 2 8 0 0 0 0 4 4 0 0 1 7 4 0 0 2 0 0 0 0 0 0 0 0 0 0 0 1 1 0 3 2 0 2 0 0 0 0 2 0 0 0 0 0 5 2 0 0 0 0 0 0 0 3 0 0 3 0 0 0 1 0 0 0 0 1 0 0 0 0 0 0 0 0 0 0 2 0 2 0 0 1 4 0 1 1
4 2 0 0 2 0 0 0 0 0 11 6 0 1 0 0 0 0 0 0 0 4 4 6 0 0 0 4 1 0 0 0 0 0 0 0 1 0 1 0 0 0 0 0 7 0 0 0 2 0 0 5 0 0 8 3 0 0 0 0 0 6 0 0 5 3 6 2 0 0 0 0 0 0 0 0 0 0 0 0 0 1 2 3 0 2 3 0 0 0 0 0 3 0 0 0 0 0 0 0 0 0 2 0 0 0 2 0 0 0 0 0 0 0 0 0 3 6 0 3 0 0 5 8 0 0 1 0 2 0 0 0 0 3 4 0 0 1 0 0 0 0 0 12 0 0 0 0 0 0 1 0 5 0 3 0 0 7 0 2 3 0 0 0 4 4 0 2 2 0 2 7 0 0 0 0 4 4 0 0 1 7 4 0 0 3 0 0 0 1 3 0 0 0 0 0 0 1 2 0 4 2 0 2 0 0 0 0 4 0 0 0 0 0 5 2 0 0 0 0 0 0 0 3 0 0 3 0 0 0 3 0 0 0 0 1 0 0 0 0 0 0 0 0 0 0 2 0 3 0 0 1 5 0 3 1
0 0 0 2 0 0 0 0 0 1 0 0 0 0 4 0 0 0 0 3 0 0 0 0 0 2 0 0 1 0 0 0 0 0 0 0 0 0 4 0 0 0 0 0 0 3 0 0 0 0 0 0 0 2 0 1 0 0 0 0 2 0 3 0 0 5 0 0 0 1 0 0 0 0 0 0 0 0 0 4 0 0 2 0 0 0 1 0 0 0 0 1 1 0 0 1 0 0 0 0 0 0 0 0 0 0 0 1 0 0 0 0 0 3 0 0 0 0 0 1 0 0 0 0 0 0 0 0 0 0 0 0 0 0 1 0 0 1 0 0 4 0 0 0 0 0 0 3 1 0 4 0 0 2 0 0 0 0 1 0 2 0 0 0 0 0 2 1 2 0 0 4 1 2 0 0 1 1 0 1 0 0 1 5 0 0 0 2 0 0 0 2 0 0 0 0 0 0 0 0 0 0 0 0 0 0 1 0 0 0 0 0 0 0 0 0 0 0 0 0 0 0 0 2 0 0 1 0 0 0 0 2 2 4 0 1 0 2 2 2 0 0 0 5 0 2 0 0 0 0 0 0 0 0 0 0
2 0 0 0 1 0 0 0 0 0 5 5 0 0 0 0 0 0 0 0 0 2 3 4 0 0 0 2 3 0 0 0 0 0 0 0 1 0 2 0 0 0 0 0 1 0 0 0 0 0 0 0 0 0 5 2 0 0 0 0 0 3 1 0 2 3 3 1 0 0 0 0 0 0 0 0 0 0 0 0 0 2 4 0 0 0 4 0 0 0 0 0 3 0 0 0 0 0 0 0 0 0 1 0 0 0 0 0 0 0 0 0 0 1 0 0 0 4 0 4 0 0 3 3 0 0 0 0 0 0 0 0 0 2 3 0 0 0 0 0 0 0 0 8 0 0 0 0 1 0 2 0 5 0 1 0 0 5 0 0 2 0 0 0 3 3 1 0 1 0 2 8 0 0 0 0 3 3 0 0 0 4 4 2 0 1 0 0 0 0 0 0 0 0 0 0 0 1 0 0 1 2 0 1 0 0 0 0 0 0 0 0 0 0 3 1 0 0 0 0 0 0 0 3 0 0 3 0 0 0 0 0 0 0 0 1 0 0 0 1 0 0 0 1 0 0 0 0 1 0 0 1 1 0 0 0
0 0 0 3 0 0 0 0 0 1 0 1 0 0 4 0 0 0 0 4 0 0 1 1 0 2 0 0 2 0 0 0 0 0 0 0 0 0 5 0 0 0 0 0 0 3 0 0 0 0 1 0 0 2 0 2 0 0 0 0 2 0 3 0 0 6 0 0 0 1 0 0 0 0 0 0 0 0 0 4 0 0 3 0 0 0 2 0 0 0 0 1 2 0 0 0 0 0 0 0 0 0 1 0 0 0 0 0 0 0 0 0 0 4 0 0 0 0 0 2 0 0 1 0 0 0 0 0 0 0 0 0 0 0 2 0 0 1 0 0 5 0 0 3 0 0 0 4 1 0 6 0 2 2 0 0 0 1 2 0 3 0 0 0 1 0 3 0 2 0 1 7 1 3 0 0 1 1 0 1 0 1 3 6 0 0 0 2 0 0 0 3 0 0 1 0 0 0 0 0 0 0 0 0 1 0 1 0 0 0 0 0 0 0 1 0 0 0 0 0 0 0 0 2 0 0 2 0 0 0 0 2 2 4 0 1 0 2 3 3 0 0 0 6 1 2 0 0 0 0 0 1 0 0 0 0
2 0 0 0 1 0 0 0 0 0 4 5 0 0 0 0 0 0 0 1 0 2 3 4 0 0 0 3 3 0 0 0 0 0 0 0 1 0 3 0 0 0 0 0 1 0 0 0 0 0 0 0 0 0 4 2 0 0 0 0 0 3 2 0 2 4 3 1 0 0 0 0 0 0 0 0 0 0 0 0 0 2 4 0 0 0 3 0 0 0 0 0 2 0 0 0 0 0 0 0 0 0 2 0 0 0 0 0 0 0 0 0 0 1 0 0 0 3 0 4 0 0 3 3 0 0 0 0 0 0 0 0 0 2 3 0 0 0 0 0 1 0 0 8 0 0 0 0 0 0 3 0 5 0 2 0 0 4 0 0 2 0 0 0 3 3 1 0 2 0 2 9 0 0 0 0 3 3 0 0 0 4 4 3 0 1 0 1 0 0 0 1 0 0 0 0 0 1 0 0 1 2 0 1 0 0 0 0 0 0 0 0 0 0 3 2 0 0 0 0 0 0 0 3 0 0 4 0 0 0 0 0 0 0 0 2 0 1 0 1 0 0 0 2 0 0 0 0 1 0 0 2 0 0 0 0
5 3 0 0 3 0 0 0 0 0 15 11 0 0 0 0 0 0 0 0 0 4 7 10 0 0 0 7 4 0 0 0 0 0 0 0 2 0 2 0 0 0 0 0 8 0 0 0 1 0 0 5 0 0 12 5 0 0 0 0 0 10 0 0 6 5 8 2 0 0 0 0 0 0 0 0 0 0 0 0 0 3 5 0 0 1 6 0 0 0 0 0 5 0 0 0 0 0 0 0 0 0 3 0 0 0 2 0 0 0 0 0 0 0 0 0 2 9 0 6 0 0 7 9 0 0 0 0 0 0 0 0 0 4 6 0 0 0 0 0 0 0 0 18 0 0 0 0 0 0 2 0 9 0 5 0 0 11 0 2 3 0 0 0 6 7 0 1 3 0 3 13 0 0 0 0 7 7 0 0 2 10 7 0 0 3 0 0 0 0 0 0 0 0 0 0 0 2 2 0 4 4 0 4 0 0 0 0 4 0 0 0 0 0 8 3 0 0 0 0 0 0 0 5 0 0 6 0 0 0 1 0 0 0 0 2 0 0 0 0 0 0 0 0 0 0 3 0 3 0 0 2 7 0 2 2
0 0 0 5 0 0 0 0 0 3 0 0 0 0 6 0 0 0 0 5 0 0 0 0 0 3 0 0 1 0 0 0 0 0 0 0 0 0 6 0 0 0 0 0 0 5 0 0 0 0 0 0 0 3 0 1 0 1 0 0 3 0 4 0 0 7 0 0 0 2 0 0 0 0 0 0 0 0 0 5 0 0 3 0 0 0 0 0 0 0 0 2 1 0 0 1 0 0 0 0 0 0 0 0 0 0 0 2 0 0 0 0 0 5 0 0 0 0 0 1 0 0 0 0 0 0 0 0 0 0 0 0 0 0 1 0 0 2 0 0 6 0 0 0 0 0 0 5 1 0 6 0 0 3 0 0 0 0 2 0 3 0 0 0 0 0 4 0 3 0 1 6 2 4 0 0 0 0 0 1 0 0 1 8 0 0 0 3 0 0 0 3 0 0 2 0 0 0 0 0 0 0 0 0 0 0 3 0 0 0 0 0 0 0 0 0 0 0 0 0 0 0 0 2 0 0 0 0 0 0 0 3 3 5 0 1 0 3 4 4 0 0 0 8 1 4 0 0 0 0 0 0 0 0 0 0
3 1 0 0 2 0 0 0 0 0 9 8 0 0 0 0 0 0 0 0 0 3 5 6 0 0 0 4 4 0 0 0 0 0 0 0 1 0 1 0 0 0 0 0 4 0 0 0 0 0 0 2 0 0 7 3 0 0 0 0 0 6 1 0 4 4 5 2 0 0 0 0 0 0 0 0 0 0 0 0 0 2 4 0 0 0 4 0 0 0 0 0 4 0 0 0 0 0 0 0 0 0 3 0 0 0 0 0 0 0 0 0 0 0 0 0 0 5 0 5 0 0 5 5 0 0 0 0 0 0 0 0 0 3 4 0 0 0 0 0 0 0 0 12 0 0 0 0 0 0 3 0 7 0 3 0 0 7 0 0 3 0 0 0 4 5 1 0 2 0 2 10 0 0 0 0 4 5 0 0 0 7 5 0 0 2 0 0 0 0 0 0 0 0 0 0 0 1 0 0 3 2 0 3 0 0 0 0 1 0 0 0 0 0 5 3 0 0 0 0 0 0 0 4 0 0 5 0 0 0 0 0 0 0 0 2 0 0 0 1 0 0 0 0 0 0 1 0 2 0 0 2 3 0 0 0
7 4 0 0 5 0 0 0 0 0 21 14 0 0 0 0 0 0 0 0 0 6 9 13 0 0 0 9 4 0 0 0 0 0 0 0 3 0 1 0 0 0 0 0 13 0 0 0 4 0 0 9 0 0 17 6 0 0 0 0 0 13 0 0 9 5 12 3 0 0 0 0 0 0 0 0 0 0 1 0 0 4 6 3 0 3 7 0 0 0 0 0 7 0 0 0 0 0 0 0 0 0 5 0 0 0 4 0 0 0 0 0 0 0 0 0 4 12 0 6 0 0 10 14 0 0 1 0 2 0 0 0 0 6 8 0 0 0 0 0 0 0 0 23 0 0 0 0 0 0 2 0 11 0 6 0 0 14 0 4 4 0 0 0 7 8 0 2 3 0 4 16 0 0 0 0 9 9 0 0 2 13 9 0 0 5 0 0 0 0 2 0 0 0 0 0 0 3 3 0 6 5 0 5 0 0 0 0 6 0 0 0 0 0 10 4 0 0 0 0 0 0 0 6 0 0 6 0 0 0 3 0 0 0 0 2 0 0 0 0 0 0 0 0 0 0 5 0 5 0 0 3 10 0 4 3
6 3 0 0 4 0 0 0 0 0 16 12 0 0 0 0 0 0 0 0 0 4 7 10 0 0 0 7 4 0 0 0 0 0 0 0 2 0 1 0 0 0 0 0 9 0 0 0 2 0 0 6 0 0 14 5 0 0 0 0 0 10 0 0 7 4 9 2 0 0 0 0 0 0 0 0 0 0 1 0 0 4 6 1 0 1 6 0 0 0 0 0 5 0 0 0 0 0 0 0 0 0 4 0 0 0 3 0 0 0 0 0 0 0 0 0 2 10 0 6 0 0 8 10 0 0 1 0 1 0 0 0 0 5 7 0 0 0 0 0 0 0 0 19 0 0 0 0 0 0 2 0 10 0 5 0 0 12 0 2 4 0 0 0 6 7 0 1 3 0 3 14 0 0 0 0 7 7 0 0 2 11 7 0 0 3 0 0 0 0 0 0 0 0 0 0 0 3 2 0 4 4 0 4 0 0 0 0 4 0 0 0 0 0 8 3 0 0 0 0 0 0 0 5 0 0 6 0 0 0 2 0 0 0 0 2 0 0 0 0 0 0 0 0 0 0 4 0 4 0 0 2 8 0 3 2
0 0 0 5 0 0 0 0 0 3 0 0 0 0 7 0 0 0 0 6 0 0 0 0 0 4 0 0 2 0 0 0 0 0 0 0 0 0 7 0 0 0 0 0 0 5 0 0 0 0 0 0 0 3 0 1 0 1 0 0 3 0 4 0 0 8 0 0 0 2 0 0 0 0 0 0 0 0 0 6 0 0 3 0 0 0 1 0 0 0 0 3 1 0 0 1 0 0 0 1 0 0 0 0 0 0 0 2 0 0 0 0 0 5 0 0 0 0 0 1 0 0 0 0 0 0 0 0 0 0 0 0 0 0 2 0 0 2 0 0 7 0 0 0 0 0 0 6 1 0 7 0 0 3 0 0 0 0 2 0 3 0 0 0 0 0 4 0 3 0 1 6 2 5 0 0 0 0 0 1 0 0 2 9 0 0 0 4 0 0 0 3 0 0 2 0 0 0 0 0 0 0 0 0 0 0 3 0 0 0 0 0 0 0 1 0 0 0 0 0 0 0 0 2 0 1 0 0 0 0 0 3 4 7 0 1 0 3 4 4 0 0 0 9 1 4 0 0 0 0 0 0 0 0 0 0
0 0 0 4 1 0 0 0 0 2 0 0 0 0 5 0 0 0 0 4 0 0 1 1 0 3 0 0 2 0 0 0 0 0 0 0 0 0 6 0 0 0 0 0 0 4 0 0 0 0 1 0 0 3 0 2 0 0 0 0 2 0 4 0 0 7 0 0 0 2 0 0 0 0 0 0 0 0 0 5 0 0 3 0 0 0 2 0 0 0 0 2 1 0 0 1 0 0 0 0 0 0 0 0 0 0 0 1 0 0 0 0 0 5 0 0 0 0 0 2 0 0 0 0 0 0 0 0 0 0 0 0 0 0 2 0 0 1 0 0 5 0 0 2 0 0 0 4 1 0 6 0 1 2 0 0 0 0 2 0 3 0 0 0 0 0 3 0 3 0 1 7 0 3 0 0 1 1 0 1 0 0 2 7 0 0 0 3 0 0 0 3 0 0 1 0 0 1 0 0 0 0 0 0 1 0 2 0 0 0 0 0 0 0 1 0 0 0 0 0 0 0 0 2 0 0 1 0 0 0 0 3 2 5 0 1 0 2 3 3 0 0 0 7 0 3 0 0 0 0 0 0 0 0 0 0
0 0 0 4 0 0 0 0 0 2 0 0 0 0 5 0 0 0 0 5 0 0 0 0 0 3 0 0 1 0 0 0 0 0 0 0 0 0 6 0 0 0 0 0 0 4 0 0 0 0 1 0 0 3 0 1 0 1 0 0 3 0 4 0 0 7 0 0 0 2 0 0 0 0 0 0 0 0 0 5 0 0 3 0 0 0 1 0 0 0 0 2 1 0 0 0 0 0 0 0 0 0 0 0 0 0 0 1 0 0 0 0 0 4 0 0 0 0 0 1 0 0 0 0 0 0 0 0 0 0 0 0 0 0 2 0 0 2 0 0 6 0 0 0 0 0 0 5 1 0 6 0 0 3 0 0 0 0 2 0 3 0 0 0 0 0 3 0 3 0 1 6 1 4 0 0 0 0 0 1 0 0 2 8 0 0 0 3 0 0 0 3 0 0 1 0 0 0 0 0 0 0 0 0 1 0 2 0 0 0 0 0 0 0 0 0 0 0 0 0 0 0 0 2 0 0 1 0 0 0 0 3 3 6 0 1 0 3 3 4 0 0 0 7 1 3 0 0 0 0 0 0 0 0 0 0
3 0 0 0 2 0 0 0 0 0 8 7 0 0 0 0 0 0 0 0 0 2 5 6 0 0 0 4 4 0 0 0 0 0 0 0 1 0 1 0 0 0 0 0 3 0 0 0 0 0 0 1 0 0 7 3 0 0 0 0 0 5 1 0 3 4 5 1 0 0 0 0 0 0 0 0 0 0 0 0 0 3 4 0 0 0 4 0 0 0 0 0 3 0 0 0 0 0 0 0 0 0 2 0 0 0 0 0 0 0 0 0 0 0 0 0 0 5 0 5 0 0 4 4 0 0 0 0 0 0 0 0 0 3 4 0 0 0 0 0 0 0 0 11 0 0 0 0 0 0 2 0 6 0 2 0 0 6 0 0 2 0 0 0 4 5 0 0 2 0 2 10 0 0 0 0 5 5 0 0 0 6 4 1 0 1 0 0 0 0 0 0 0 0 0 0 0 2 0 0 2 3 0 2 0 0 0 0 1 0 0 0 0 0 4 2 0 0 0 0 0 0 0 4 0 0 4 0 0 0 0 0 0 0 0 1 0 0 0 0 0 0 0 0 0 0 1 0 1 0 0 1 3 0 0 0
5 4 0 0 2 0 1 0 0 0 15 6 0 4 0 0 0 0 0 0 0 6 4 7 0 0 0 5 1 0 0 0 0 0 0 0 2 0 1 0 0 0 0 0 10 0 0 0 4 0 0 8 0 0 10 3 0 0 0 0 0 7 0 0 5 3 8 3 0 0 0 0 0 0 0 0 0 0 0 0 0 2 3 4 0 4 3 0 0 1 0 1 3 0 0 0 0 0 0 0 0 0 2 0 0 0 4 0 0 0 0 0 0 0 0 0 4 7 0 3 0 0 5 10 0 0 0 1 3 0 0 0 0 3 4 0 0 2 0 0 0 0 0 14 0 0 0 0 0 0 1 0 6 1 4 0 0 8 0 4 3 1 0 0 3 4 0 3 1 0 3 7 0 0 0 0 4 5 0 0 2 7 4 0 0 3 0 0 0 3 6 0 0 0 2 0 0 1 4 0 4 2 0 3 0 0 0 0 5 2 0 0 0 0 5 1 0 0 0 0 0 0 0 3 0 0 3 0 0 0 4 0 1 0 0 2 0 1 0 0 0 0 0 0 0 0 3 0 3 0 0 2 7 0 5 3
4 1 0 0 3 0 0 0 0 0 12 9 0 0 0 0 0 0 0 0 0 3 6 8 0 0 0 5 4 0 0 0 0 0 0 0 1 0 1 0 0 0 0 0 6 0 0 0 0 0 0 3 0 0 10 4 0 0 0 0 0 8 0 0 5 4 7 2 0 0 0 0 0 0 0 0 0 0 1 0 0 3 5 0 0 0 5 0 0 0 0 0 4 0 0 0 0 0 0 0 0 0 3 0 0 0 1 0 0 0 0 0 0 0 0 0 1 7 0 5 0 0 6 7 0 0 0 0 0 0 0 0 0 4 5 0 0 0 0 0 0 0 0 14 0 0 0 0 0 0 2 0 8 0 4 0 0 9 0 1 3 0 0 0 5 6 0 0 2 0 2 11 0 0 0 0 6 6 0 0 1 9 6 0 0 3 0 0 0 0 0 0 0 0 0 0 0 2 1 0 3 4 0 3 0 0 0 0 2 0 0 0 0 0 6 3 0 0 0 0 0 0 0 4 0 0 5 0 0 0 0 0 0 0 0 2 0 0 0 0 0 0 0 0 0 0 2 0 3 0 0 2 5 0 1 1
0 0 0 6 0 0 0 0 0 4 0 0 0 0 7 0 0 0 0 6 0 0 0 0 0 4 0 0 1 0 0 0 0 0 0 0 0 0 7 0 0 0 0 0 0 6 0 0 0 0 0 0 0 4 0 1 0 1 0 0 3 0 4 0 0 9 0 0 0 2 0 0 0 0 0 0 0 0 0 6 0 0 3 0 0 0 0 0 0 0 0 3 1 0 0 2 0 0 0 1 0 0 0 0 0 0 0 2 0 0 0 0 0 5 0 0 0 0 0 1 0 0 0 0 0 0 0 0 0 0 0 0 0 0 2 0 0 2 0 0 7 0 0 0 0 0 0 6 1 0 7 0 0 4 0 0 0 0 2 0 3 0 0 0 0 0 4 0 4 0 1 7 2 5 0 0 0 0 0 1 0 0 2 10 0 0 0 4 0 0 0 3 0 0 2 0 0 0 0 0 0 0 0 0 0 0 3 0 0 0 0 0 0 0 1 0 0 0 0 0 0 0 0 2 0 1 0 0 0 0 0 3 4 7 0 1 0 4 5 4 0 0 0 9 1 5 0 0 0 0 0 1 0 0 0 0
9 6 0 0 6 1 1 0 0 0 26 15 0 3 0 0 0 0 0 0 0 6 9 13 0 0 0 9 5 0 0 0 0 0 0 0 3 0 2 0 0 0 0 0 18 0 0 0 7 0 0 12 0 0 20 8 0 0 0 0 0 16 0 0 10 5 14 5 0 0 0 0 0 0 0 0 0 0 1 0 0 6 8 5 0 5 7 1 0 1 0 0 6 0 0 0 1 0 0 0 0 0 5 0 0 0 7 0 0 0 0 0 0 0 0 0 6 14 0 7 0 0 11 15 0 0 1 1 2 0 0 0 0 6 8 0 0 1 0 0 0 0 0 26 0 0 1 0 1 0 2 0 12 0 7 0 0 16 0 6 4 0 0 0 6 9 0 3 3 0 4 16 0 0 0 0 10 12 0 0 4 14 9 0 0 5 0 0 0 4 5 0 0 0 0 0 0 2 6 0 7 7 0 5 0 0 0 0 8 3 0 0 0 0 10 3 0 0 0 0 0 0 0 6 0 0 6 0 0 0 5 0 0 0 0 3 0 0 0 0 0 0 0 0 0 0 7 0 6 0 0 4 12 0 7 5
0 0 0 4 0 0 0 0 0 2 0 0 0 0 4 0 0 0 0 5 0 0 1 1 0 2 0 0 2 0 0 0 0 0 0 0 0 0 5 0 0 0 0 0 0 4 0 0 0 0 1 0 0 3 0 1 0 0 0 0 2 0 4 0 0 7 0 0 0 2 0 0 0 0 0 0 0 0 0 4 0 0 3 0 0 0 2 0 0 0 0 1 1 0 0 1 0 0 0 0 0 0 0 0 0 0 0 1 0 0 0 0 0 4 0 0 0 0 0 2 0 0 1 0 0 0 0 0 0 0 0 0 0 0 2 0 0 1 0 0 5 0 0 2 0 0 0 4 1 0 6 0 1 2 0 0 0 0 2 0 3 0 0 0 0 0 3 0 3 0 2 7 1 3 0 0 1 1 0 1 0 0 2 7 0 0 0 3 0 0 0 3 0 0 1 0 0 0 0 0 0 0 0 0 1 0 2 0 0 0 0 0 0 0 1 0 0 0 0 0 0 0 0 2 0 0 1 0 0 0 0 2 2 5 0 2 0 2 3 3 0 0 0 7 1 3 0 0 0 0 0 1 0 0 0 0
4 1 0 0 3 0 0 0 0 0 10 8 0 0 0 0 0 0 0 0 0 3 5 7 0 0 0 5 4 0 0 0 0 0 0 0 1 0 1 0 0 0 0 0 4 0 0 0 0 0 0 2 0 0 9 4 0 0 0 0 0 7 0 0 4 4 6 2 0 0 0 0 0 0 0 0 0 0 0 0 0 3 5 0 0 0 5 0 0 0 0 0 4 0 0 0 0 0 0 0 0 0 3 0 0 0 0 0 0 0 0 0 0 0 0 0 0 6 0 5 0 0 5 6 0 0 0 0 0 0 0 0 0 3 4 0 0 0 0 0 0 0 0 13 0 0 0 0 0 0 2 0 7 0 3 0 0 8 0 0 3 0 0 0 4 5 1 0 2 0 2 11 0 0 0 0 5 5 0 0 0 8 5 0 0 2 0 0 0 0 0 0 0 0 0 0 0 2 1 0 3 3 0 3 0 0 0 0 2 0 0 0 0 0 5 3 0 0 0 0 0 0 0 4 0 0 5 0 0 0 0 0 0 0 0 2 0 0 0 0 0 0 0 0 0 0 2 0 2 0 0 2 4 0 0 1
0 0 0 4 0 0 0 0 0 3 0 0 0 0 6 0 0 0 0 5 0 0 0 0 0 3 0 0 1 0 0 0 0 0 0 0 0 0 6 0 0 0 0 0 0 5 0 0 0 0 1 0 0 3 0 1 0 1 0 0 3 0 4 0 0 7 0 0 0 2 0 0 0 0 0 0 0 0 0 5 0 0 3 0 0 0 1 0 0 0 0 2 1 0 0 1 0 0 0 0 0 0 0 0 0 0 0 2 0 0 0 0 0 5 0 0 0 0 0 1 0 0 0 0 0 0 0 0 0 0 0 0 0 0 2 0 0 2 0 0 6 0 0 0 0 0 0 5 1 0 6 0 0 3 0 0 0 0 2 0 3 0 0 0 0 0 4 0 3 0 1 6 1 4 0 0 0 0 0 1 0 0 2 8 0 0 0 3 0 0 0 3 0 0 2 0 0 0 0 0 0 0 0 0 1 0 2 0 0 0 0 0 0 0 1 0 0 0 0 0 0 0 0 2 0 0 0 0 0 0 0 3 3 6 0 1 0 3 4 4 0 0 0 7 1 4 0 0 0 0 0 0 0 0 0 0
6 3 0 0 4 0 0 0 0 0 15 10 0 0 0 0 0 0 0 0 0 4 7 9 0 0 0 6 4 0 0 0 0 0 0 0 2 0 1 0 0 0 0 0 8 0 0 0 3 0 0 6 0 0 12 5 0 0 0 0 0 9 1 0 6 3 8 3 0 0 0 0 0 0 0 0 0 0 0 0 0 3 6 1 0 1 5 0 0 0 0 0 4 0 0 0 0 0 0 0 0 0 3 0 0 0 3 0 0 0 0 0 0 0 0 0 2 9 0 5 0 0 7 9 0 0 1 0 0 0 0 0 0 4 5 0 0 0 0 0 0 0 0 17 0 0 0 0 0 0 2 0 8 0 4 0 0 10 0 2 3 0 0 0 5 6 0 1 2 0 3 11 0 0 0 0 6 7 0 0 1 10 7 0 0 2 0 0 0 0 0 0 0 0 0 0 0 2 2 0 4 4 0 3 0 0 0 0 3 0 0 0 0 0 7 3 0 0 0 0 0 0 0 5 0 0 5 0 0 0 1 0 0 0 0 2 0 0 0 0 0 0 0 0 0 0 3 0 3 0 0 2 6 0 2 2
0 0 0 0 0 0 0 0 0 0 0 0 0 0 0 0 0 0 0 0 0 0 0 0 0 0 0 0 0 0 0 0 0 0 0 0 0 0 0 0 0 0 0 0 0 0 0 0 0 0 0 0 0 0 0 0 0 0 0 0 0 0 0 0 0 0 0 0 0 0 0 0 0 0 0 0 0 0 0 0 0 0 0 0 0 0 0 0 0 0 0 0 0 0 0 0 0 0 0 0 0 0 0 0 0 0 0 0 0 0 0 0 0 0 0 0 0 0 0 0 0 0 0 0 0 0 0 0 0 0 0 0 0 0 0 0 0 0 0 0 0 0 0 0 0 0 0 0 0 0 0 0 0 0 0 0 0 0 0 0 0 0 0 0 0 0 0 0 0 0 0 0 0 0 0 0 0 0 0 0 0 0 0 0 0 0 0 0 0 0 0 0 0 0 0 0 0 0 0 0 0 0 0 0 0 0 0 0 0 0 0 0 0 0 0 0 0 0 0 0 0 0 0 0 0 0 0 0 0 0 0 0 0 0 0 0 0 0 0 0 0 0 0 0 0 0 0 0 0 0 0 0 0 0 0 0
7 4 0 0 5 0 0 0 0 0 20 12 0 1 0 0 0 0 0 0 0 5 8 11 0 0 0 8 5 0 0 0 0 0 0 0 2 0 2 0 0 0 0 0 13 0 0 0 4 0 0 8 0 0 15 6 0 0 0 0 0 12 0 0 8 5 11 4 0 0 0 0 0 0 0 0 0 0 0 0 0 4 6 2 0 2 7 0 0 0 0 0 6 0 0 0 0 0 0 0 0 0 4 0 0 0 4 0 0 0 0 0 0 0 0 0 4 11 0 6 0 0 9 13 0 0 1 0 1 0 0 0 0 5 7 0 0 1 0 0 0 0 0 22 0 0 0 0 0 0 2 0 10 0 6 0 0 13 0 3 4 0 0 0 6 8 0 2 3 0 4 14 0 0 0 0 8 9 0 0 3 12 8 0 0 3 0 0 0 1 2 0 0 0 0 0 0 3 4 0 5 5 0 4 0 0 0 0 5 0 0 0 0 0 9 3 0 0 0 0 0 0 0 6 0 0 6 0 0 0 3 0 0 0 0 2 0 0 0 0 0 0 0 0 0 0 5 0 4 0 0 3 8 0 4 3
0 0 0 1 1 0 0 0 0 0 0 2 0 0 2 0 0 0 0 2 0 0 2 2 0 2 0 1 2 0 0 0 0 0 0 0 0 0 4 0 0 0 0 0 0 2 0 0 0 0 0 0 0 1 0 2 0 0 0 0 1 1 3 0 0 5 0 0 0 1 0 0 0 0 0 0 0 0 0 2 0 1 3 0 0 0 3 0 0 0 0 0 2 0 0 0 0 0 0 0 0 0 1 0 0 0 0 0 0 0 0 0 0 3 0 0 0 1 0 3 0 0 1 0 0 0 0 0 0 0 0 0 0 0 2 0 0 0 0 0 3 0 0 4 0 0 0 2 1 0 5 0 3 1 1 0 0 2 2 0 3 0 0 0 2 1 3 0 2 0 2 7 0 2 0 0 2 2 0 1 0 2 3 5 0 1 0 2 0 0 0 2 0 0 0 0 0 0 0 0 1 1 0 0 1 0 0 0 0 0 0 0 0 0 2 1 0 0 0 0 0 0 0 2 0 0 2 0 0 0 0 1 1 2 0 1 0 1 1 2 0 0 0 4 0 1 0 0 0 0 0 0 0 0 0 0
9 6 0 0 6 0 1 0 0 0 27 16 0 3 0 0 0 0 0 0 0 7 10 16 0 0 0 11 4 0 0 0 0 0 0 0 4 0 2 0 0 0 0 0 18 0 0 0 6 0 0 12 0 0 20 8 0 0 0 0 0 16 0 0 11 6 15 5 0 0 0 0 0 0 0 0 0 0 0 0 0 5 7 6 0 5 8 0 0 1 0 0 7 0 0 0 0 0 0 0 0 0 5 0 0 0 7 0 0 0 0 0 0 0 0 0 6 15 0 7 0 0 12 17 0 0 1 0 3 0 0 0 0 7 9 0 0 1 0 0 0 0 0 29 0 0 1 0 0 0 2 0 13 1 8 0 0 17 0 6 5 0 0 0 8 10 0 3 4 0 5 18 0 0 0 0 11 12 0 0 4 16 10 0 0 5 0 0 0 3 6 0 0 0 1 0 0 4 6 0 7 6 0 6 0 0 0 0 8 1 0 0 0 0 12 3 0 0 0 0 0 0 0 7 0 0 7 0 0 0 5 0 0 0 0 2 0 0 0 0 0 0 0 0 0 0 7 0 6 0 0 4 12 0 6 5
4 2 0 0 3 0 0 0 0 0 13 10 0 0 0 0 0 0 0 0 0 3 6 8 0 0 0 5 4 0 0 0 0 0 0 0 2 0 1 0 0 0 0 0 6 0 0 0 1 0 0 4 0 0 11 5 0 0 0 0 0 8 0 0 5 4 7 2 0 0 0 0 0 0 0 0 0 0 0 0 0 3 5 0 0 0 5 0 0 0 0 0 5 0 0 0 0 0 0 0 0 0 3 0 0 0 2 0 0 0 0 0 0 0 0 0 1 7 0 5 0 0 6 7 0 0 0 0 0 0 0 0 0 4 5 0 0 0 0 0 0 0 0 15 0 0 0 0 0 0 2 0 8 0 4 0 0 9 0 1 3 0 0 0 5 6 0 1 2 0 2 12 0 0 0 0 6 6 0 0 1 9 6 0 0 3 0 0 0 0 0 0 0 0 0 0 0 2 1 0 3 4 0 3 0 0 0 0 3 0 0 0 0 0 6 3 0 0 0 0 0 0 0 4 0 0 5 0 0 0 1 0 0 0 0 2 0 0 0 0 0 0 0 0 0 0 3 0 3 0 0 2 5 0 1 1
7 4 0 0 5 0 0 0 0 0 20 13 0 0 0 0 0 0 0 0 0 5 8 12 0 0 0 8 4 0 0 0 0 0 0 0 3 0 1 0 0 0 0 0 12 0 0 0 4 0 0 8 0 0 16 6 0 0 0 0 0 12 0 0 8 4 11 3 0 0 0 0 0 0 0 0 0 0 1 0 0 5 6 3 0 3 7 0 0 0 0 0 6 0 0 0 0 0 0 0 0 0 4 0 0 0 5 0 0 0 0 0 0 0 0 0 3 12 0 6 0 0 9 12 0 0 0 0 2 0 0 0 0 6 7 0 0 0 0 0 0 0 0 22 0 0 0 0 0 0 2 0 11 0 6 0 0 13 0 4 4 0 0 0 6 8 0 2 3 0 4 14 0 0 0 0 8 9 0 0 2 12 8 0 0 4 0 0 0 1 2 0 0 0 0 0 0 3 3 0 5 5 0 4 0 0 0 0 5 0 0 0 0 0 9 3 0 0 0 0 0 0 0 5 0 0 6 0 0 0 3 0 0 0 0 2 0 0 0 0 0 0 0 0 0 0 5 0 4 0 0 3 9 0 3 3
4 1 0 0 3 0 0 0 0 0 10 9 0 0 0 0 0 0 0 0 0 3 5 7 0 0 0 4 4 0 0 0 0 0 0 0 1 0 1 0 0 0 0 0 5 0 0 0 0 0 0 2 0 0 9 4 0 0 0 0 0 7 1 0 4 4 6 2 0 0 0 0 0 0 0 0 0 0 0 0 0 2 5 0 0 0 5 0 0 0 0 0 4 0 0 0 0 0 0 0 0 0 3 0 0 0 1 0 0 0 0 0 0 0 0 0 0 7 0 5 0 0 5 6 0 0 1 0 0 0 0 0 0 3 4 0 0 0 0 0 0 0 0 13 0 0 0 0 0 0 2 0 7 0 3 0 0 8 0 0 3 0 0 0 5 5 0 0 2 0 2 11 0 0 0 0 5 5 0 0 1 8 5 0 0 2 0 0 0 0 0 0 0 0 0 0 0 1 1 0 3 3 0 3 0 0 0 0 2 0 0 0 0 0 5 3 0 0 0 0 0 0 0 4 0 0 5 0 0 0 0 0 0 0 0 1 0 0 0 0 0 0 0 0 0 0 2 0 2 0 0 2 4 0 0 1
5 4 0 0 2 0 2 0 0 0 15 6 0 4 0 0 0 0 0 0 0 6 4 7 0 1 0 5 1 0 0 0 0 0 0 0 2 0 1 0 0 0 0 0 10 0 0 0 4 0 0 8 0 0 10 3 0 0 0 0 0 7 0 0 5 3 8 3 0 0 0 0 0 0 1 0 0 0 0 0 0 2 2 4 0 5 3 0 0 1 0 1 3 0 0 0 0 0 0 0 0 0 3 0 0 0 4 0 0 0 0 0 0 0 0 0 4 7 0 3 0 0 5 10 0 0 0 2 3 0 0 0 0 3 4 0 0 2 0 0 0 0 0 14 0 0 0 0 0 0 1 0 5 1 4 0 0 8 0 4 3 1 0 0 4 4 0 3 1 0 3 7 0 0 0 0 4 5 0 0 2 7 4 0 0 2 0 0 0 4 7 0 0 0 2 0 0 1 4 0 4 2 0 2 0 0 0 0 5 2 0 0 0 0 5 1 0 0 0 0 0 0 0 3 0 0 3 0 0 0 5 0 1 0 0 2 0 1 0 0 0 0 0 0 0 0 3 0 3 0 0 2 7 0 5 3
0 0 0 5 0 0 0 0 0 3 0 0 0 0 6 0 0 0 0 5 0 0 0 0 0 3 0 0 1 0 0 0 0 0 0 0 0 0 6 0 0 0 0 0 0 5 0 0 0 0 0 0 0 3 0 1 0 1 0 0 3 0 4 0 0 8 0 0 0 2 0 0 0 0 0 0 0 0 0 6 0 0 3 0 0 0 1 0 0 0 0 3 1 0 0 1 0 0 0 0 0 0 0 0 0 0 0 2 0 0 0 0 0 5 0 0 0 0 0 1 0 0 0 0 0 0 0 0 0 0 0 0 0 0 2 0 0 2 0 0 6 0 0 0 0 0 0 5 1 0 6 0 0 3 0 0 0 0 2 0 3 0 0 0 0 0 4 0 3 0 1 6 1 4 0 0 0 0 0 1 0 0 2 9 0 0 0 3 0 0 0 3 0 0 2 0 0 0 0 0 0 0 0 0 1 0 3 0 0 0 0 0 0 0 1 0 0 0 0 0 0 0 0 2 0 0 0 0 0 0 0 3 3 6 0 2 0 3 4 4 0 0 0 8 1 4 0 0 0 0 0 0 0 0 0 0
4 1 0 0 3 0 0 0 0 0 11 9 0 0 0 0 0 0 0 0 0 3 6 8 0 0 0 5 4 0 0 0 0 0 0 0 1 0 1 0 0 0 0 0 6 0 0 0 0 0 0 3 0 0 10 4 0 0 0 0 0 7 0 0 5 4 7 2 0 0 0 0 0 0 0 0 0 0 0 0 0 3 5 0 0 0 5 0 0 0 0 0 4 0 0 0 0 0 0 0 0 0 3 0 0 0 1 0 0 0 0 0 0 0 0 0 0 7 0 5 0 0 6 6 0 0 0 0 0 0 0 0 0 3 5 0 0 0 0 0 0 0 0 14 0 0 0 0 0 0 2 0 8 0 4 0 0 9 0 1 3 0 0 0 5 6 0 0 2 0 2 11 0 0 0 0 5 6 0 0 1 8 6 0 0 2 0 0 0 0 0 0 0 0 0 0 0 2 1 0 3 3 0 3 0 0 0 0 2 0 0 0 0 0 6 3 0 0 0 0 0 0 0 4 0 0 5 0 0 0 0 0 0 0 0 2 0 0 0 0 0 0 0 0 0 0 2 0 2 0 0 2 4 0 0 1
0 0 0 4 0 0 0 0 0 3 0 0 0 0 5 0 0 0 0 5 0 0 0 0 0 3 0 0 2 0 0 0 0 0 0 0 0 0 5 0 0 0 0 0 0 4 0 0 0 0 1 0 0 3 0 1 0 1 0 0 3 0 4 0 0 7 0 0 0 2 0 0 0 0 0 0 0 0 0 5 0 0 3 0 0 0 1 0 0 0 0 2 1 0 0 1 0 0 0 0 0 0 0 0 0 0 0 1 0 0 0 0 0 5 0 0 0 0 0 1 0 0 1 0 0 0 0 0 0 0 0 0 0 0 1 0 0 2 0 0 6 0 0 0 0 0 0 5 1 0 6 0 0 2 0 0 0 0 2 0 3 0 0 0 0 0 3 0 3 0 1 6 1 4 0 0 0 0 0 1 0 0 2 8 0 0 0 3 0 0 0 3 0 0 1 0 0 0 0 0 0 0 0 0 1 0 2 0 0 0 0 0 0 0 1 0 0 0 0 0 0 0 0 2 0 0 1 0 0 0 0 3 3 6 0 1 0 3 4 4 0 0 0 7 1 4 0 0 0 0 0 0 0 0 0 0
3 1 0 0 2 0 0 0 0 0 7 5 0 0 0 0 0 0 0 0 0 2 3 4 0 0 0 3 2 0 0 0 0 0 0 0 1 0 1 0 0 0 0 0 4 0 0 0 1 0 0 3 0 0 6 2 0 0 0 0 0 5 0 0 3 2 4 1 0 0 0 0 0 0 0 0 0 0 0 0 0 1 2 0 0 1 3 0 0 0 0 0 3 0 0 0 0 0 0 0 0 0 2 0 0 0 1 0 0 0 0 0 0 0 0 0 1 4 0 3 0 0 4 5 0 0 0 0 0 0 0 0 0 2 3 0 0 1 0 0 0 0 0 9 0 0 0 0 0 0 1 0 4 0 2 0 0 5 0 1 2 0 0 0 3 3 0 1 1 0 1 6 0 0 0 0 3 3 0 0 1 5 3 0 0 1 0 0 0 0 0 0 0 0 0 0 0 1 1 0 2 2 0 2 0 0 0 0 2 0 0 0 0 0 4 2 0 0 0 0 0 0 0 2 0 0 3 0 0 0 1 0 0 0 0 1 0 0 0 0 0 0 0 0 0 0 1 0 2 0 0 1 4 0 1 1
0 0 0 3 0 0 0 0 0 1 0 0 0 0 4 0 0 0 0 3 0 0 1 0 0 2 0 0 2 0 0 0 0 0 0 0 0 0 4 0 0 0 0 0 0 3 0 0 0 0 1 0 0 2 0 1 0 1 0 0 2 0 3 0 0 6 0 0 0 1 0 0 0 0 0 0 0 0 0 4 0 0 3 0 0 0 1 0 0 0 0 1 2 0 0 0 0 0 0 0 0 0 0 0 0 0 0 1 0 0 0 0 0 4 0 0 0 0 0 1 0 0 0 0 0 0 0 0 0 0 0 0 0 0 1 0 0 1 0 0 4 0 0 1 0 0 0 4 1 0 5 0 1 2 0 0 0 1 2 0 2 0 0 0 0 0 3 0 2 0 1 6 1 3 0 0 0 0 0 1 0 0 2 6 0 1 0 2 0 0 0 3 0 0 1 0 0 0 0 0 0 0 0 0 0 0 1 0 0 0 0 0 0 0 1 0 0 0 0 0 0 0 0 2 0 0 1 0 0 0 0 2 2 4 0 1 0 2 3 3 0 0 0 6 1 2 0 0 0 0 0 0 0 0 0 0
0 0 0 4 0 0 0 0 0 3 0 0 0 0 5 0 0 0 0 5 0 0 0 0 0 3 0 0 1 0 0 0 0 0 0 0 0 0 6 0 0 0 0 0 0 4 0 0 0 0 0 0 0 3 0 1 0 1 0 0 3 0 4 0 0 7 0 0 0 2 0 0 0 0 0 0 0 0 0 5 0 0 2 0 0 0 0 0 0 0 0 2 1 0 0 1 0 0 0 0 0 0 0 0 0 0 0 2 0 0 0 0 0 4 0 0 0 0 0 1 0 0 0 0 0 0 0 0 0 0 0 0 0 0 1 0 0 2 0 0 6 0 0 0 0 0 0 5 1 0 5 0 0 3 0 0 0 0 2 0 3 0 0 0 0 0 3 0 3 0 1 5 2 4 0 0 0 0 0 1 0 0 1 7 0 0 0 3 0 0 0 2 0 0 2 0 0 0 0 0 0 0 0 0 0 0 2 0 0 0 0 0 0 0 1 0 0 0 0 0 0 0 0 2 0 0 0 0 0 0 0 3 3 5 0 1 0 3 4 4 0 0 0 7 1 4 0 0 0 0 0 0 0 0 0 0
0 0 0 5 0 0 0 0 0 4 0 0 0 0 7 0 0 0 0 6 0 0 0 0 0 4 0 0 1 0 0 0 0 0 0 0 0 0 7 0 0 0 0 0 0 5 0 0 0 0 0 0 0 4 0 1 0 2 0 0 3 0 4 0 0 9 0 0 0 2 0 0 0 0 0 0 0 0 0 6 0 0 3 0 0 0 0 0 0 0 0 3 1 0 0 1 0 0 0 0 0 0 0 0 0 0 0 2 0 0 0 0 0 5 0 0 0 0 0 1 0 0 0 0 0 0 0 0 0 0 0 0 0 0 2 0 0 2 0 0 7 0 0 0 0 0 0 6 0 0 6 0 0 3 1 0 0 0 2 0 3 0 0 0 0 0 4 0 4 0 1 6 2 5 0 0 0 0 0 1 0 0 1 9 0 0 0 4 0 0 0 3 0 0 2 0 0 0 0 0 0 0 0 0 0 0 3 0 0 0 0 0 0 0 1 0 0 0 0 0 0 0 0 2 0 1 0 0 0 0 0 4 4 7 0 1 0 4 4 5 0 0 0 9 1 4 0 0 0 0 0 0 0 0 0 0
0 0 0 4 0 0 0 0 0 2 0 0 0 0 5 0 0 0 0 4 0 0 0 0 0 3 0 0 2 0 0 0 0 0 0 0 0 0 5 0 0 0 0 0 0 4 0 0 0 0 1 0 0 2 0 1 0 1 0 0 2 0 4 0 0 7 0 0 0 2 0 0 0 0 0 0 0 0 0 5 0 0 3 0 0 0 1 0 0 0 0 1 1 0 0 0 0 0 0 0 0 0 0 0 0 0 0 1 0 0 0 0 0 4 0 0 0 0 0 2 0 0 0 0 0 0 0 0 0 0 0 0 0 0 2 0 0 2 0 0 5 0 0 1 0 0 0 5 1 0 6 0 1 2 0 0 0 0 2 0 3 0 0 0 0 0 4 0 2 0 1 6 1 4 0 0 0 0 0 1 0 0 2 7 0 0 0 3 0 0 0 3 0 0 1 0 0 0 0 0 0 0 0 0 1 0 2 0 0 0 0 0 0 0 1 0 0 0 0 0 0 0 0 2 0 0 1 0 0 0 0 3 3 5 0 1 0 2 3 3 0 0 0 7 1 3 0 0 0 0 0 0 0 0 0 0
