0 0 0 8 0 0 6 0 0 0 1 0 0 1 6 0 7 0 0 0 0 0 0 0 0 0 0 5 6 0 0 3 0 4 0 0 0 0 0 0 0 0 0 0 0 1 0 2 0 0 0 0 9 0 0 0 0 0 0 0 2 9 0 0 9 7 0 4 10 1 0 0 0 1 0 0 1 0 0 1 0 0 0 0 0 0 11 0 11 0 0 0 4 1 0 0 0 0 0 0 0 0 0 0 0 0 0 10 0 0 0 6 5 0 0 0 0 0 1 4 2 0 8 0 0 0 0 0 0 0 0 5 3 0 0 0 0 0 0 0 0 8 0 0 8 4 0 3 0 0 0 0 0 0 0 14 0 0 0 0 0 0 0 0 0 1 0 0 0 0 0 0 0 0 0 8 0 10 0 4 0 0 0 0 0 0 0 0 0 0 0 0 7 1 0 0 0 0 6 0 0 8 0 0 0 0 0 0 4 0 0 0 0 1 2 0 0 0 6 0 0 0 0 2 0 0 0 0 3 0 0 3 6 0 10 0 0 0 0 9 4 11 0 0 0 5 7 0 4 0 3 4 13 0 0 0
0 0 0 7 0 0 3 0 0 0 4 0 0 2 8 0 9 0 0 0 0 0 2 0 0 0 0 3 4 0 0 5 0 0 0 0 1 0 0 0 0 3 0 0 0 0 0 1 0 0 0 0 6 0 2 0 0 0 0 0 2 7 0 0 4 1 1 0 11 0 0 1 0 0 1 0 2 0 0 4 0 0 0 0 0 0 6 0 10 0 0 0 0 1 0 0 0 5 0 0 0 0 0 0 0 0 0 8 0 0 0 4 6 0 0 0 0 0 0 2 3 0 2 0 0 0 0 0 0 0 0 6 4 0 0 0 0 0 0 0 0 6 0 0 8 3 0 2 0 0 0 0 0 0 0 5 0 0 0 0 0 0 0 0 0 0 0 0 0 0 0 0 0 0 0 6 0 5 1 3 0 0 0 0 4 0 0 0 0 0 0 1 3 4 0 0 0 0 0 0 0 4 0 0 0 0 0 0 1 0 0 0 0 0 0 3 0 0 0 0 1 0 0 3 0 0 0 0 5 2 0 6 5 0 7 0 0 0 0 5 5 8 0 0 1 1 5 0 4 0 2 8 5 0 0 0
0 2 0 0 0 3 5 0 0 0 0 3 0 0 1 0 3 0 0 0 0 0 0 0 0 0 0 0 0 0 0 6 0 8 0 0 0 0 0 0 0 0 0 0 0 4 0 3 0 0 0 0 4 0 0 0 0 0 0 0 0 4 0 0 12 11 0 4 0 1 0 0 0 4 3 0 0 0 0 1 0 0 0 0 0 0 15 0 0 0 0 4 5 1 0 0 0 0 4 0 0 0 0 0 1 0 0 5 4 4 0 6 0 0 0 0 0 0 0 3 0 0 6 0 0 0 0 0 0 5 0 0 0 0 0 0 0 0 0 0 0 2 0 0 0 1 0 5 0 0 0 0 0 0 0 15 0 0 0 0 0 0 0 0 0 5 0 0 0 0 0 0 0 0 0 5 0 8 0 0 0 0 0 0 0 0 0 0 0 0 0 3 9 0 0 0 0 0 11 0 0 10 2 0 0 0 0 0 0 0 0 0 0 1 10 0 0 0 10 0 0 0 0 0 0 0 4 0 2 1 0 0 0 3 3 0 3 0 0 7 0 1 0 0 0 5 5 0 0 0 1 0 10 0 0 0
0 3 0 0 0 9 5 0 0 0 0 5 0 0 0 2 0 0 0 3 0 0 0 0 0 0 0 0 0 0 0 6 0 11 2 0 0 0 0 0 0 0 0 0 0 6 0 4 0 0 0 0 2 0 0 0 0 0 0 0 0 1 0 2 13 14 0 7 0 2 0 0 0 6 5 0 0 0 0 1 0 0 0 0 0 0 18 0 0 0 0 5 6 0 0 0 0 0 6 0 0 0 0 0 1 0 0 2 7 5 0 5 0 0 0 0 0 0 1 2 0 0 5 0 0 0 0 0 0 7 0 0 0 0 0 0 0 0 0 0 0 0 0 0 0 2 0 6 0 0 0 0 0 0 0 15 1 0 0 0 0 0 0 0 0 7 0 0 0 0 0 0 1 0 0 3 0 8 0 0 0 0 0 0 0 0 0 0 0 0 0 4 11 0 0 0 0 0 13 0 0 12 6 0 0 0 0 0 0 0 0 0 0 2 14 0 2 0 13 0 0 0 0 0 0 0 7 0 1 0 0 0 0 5 1 0 6 0 0 6 0 0 0 0 0 6 4 0 0 0 0 0 9 0 0 0
0 0 0 12 0 0 7 0 0 0 6 0 0 3 11 0 14 0 0 0 0 0 4 0 0 0 0 6 7 0 0 6 0 0 0 0 2 0 0 0 0 4 0 0 0 0 0 1 0 0 0 0 10 0 4 0 0 0 0 0 3 14 0 0 4 1 3 0 19 0 1 2 0 0 1 0 3 0 0 6 0 0 0 0 0 0 7 0 17 0 0 0 0 1 0 0 0 8 0 0 0 0 0 0 0 0 0 12 0 0 0 5 10 0 0 0 0 0 0 0 8 0 4 0 0 0 0 0 0 0 0 11 9 0 0 0 0 0 0 0 0 10 0 0 15 6 0 2 0 0 0 0 0 0 1 8 0 0 0 0 0 0 0 0 0 0 0 0 0 0 0 1 0 0 0 11 0 7 1 5 0 0 0 0 7 0 0 0 0 0 0 0 2 5 0 0 0 0 0 0 0 4 0 0 0 0 0 0 2 0 0 0 0 0 0 4 0 0 0 0 1 0 0 7 0 0 0 0 7 3 0 10 10 0 13 0 0 0 0 9 8 14 0 0 0 0 7 0 8 0 5 11 8 0 0 0
0 3 0 0 0 7 5 0 0 0 0 4 0 0 0 0 0 0 0 0 0 0 0 0 0 0 0 0 0 0 0 6 0 11 1 0 0 0 0 0 0 0 0 0 0 6 0 3 0 0 0 0 3 0 0 0 0 0 0 0 0 2 0 0 12 13 0 6 0 1 0 0 0 5 4 0 0 0 0 1 0 0 0 0 0 0 17 0 0 0 0 5 6 1 0 0 0 0 5 0 0 0 0 0 1 0 0 3 6 5 0 5 0 0 0 0 0 0 0 2 0 0 5 0 0 0 0 0 0 7 0 0 0 0 0 0 0 0 0 0 0 0 0 0 0 1 0 6 0 0 0 0 0 0 0 15 0 0 0 0 0 0 0 0 0 6 0 0 0 0 0 0 0 0 0 4 0 8 0 0 0 0 0 0 0 0 0 0 0 0 0 4 10 0 0 0 0 0 12 0 0 11 5 0 0 0 0 0 0 0 0 0 0 1 13 0 2 0 12 0 0 0 0 0 0 0 6 0 1 0 0 0 0 4 2 0 6 0 0 6 0 0 0 0 0 5 4 0 0 0 0 0 9 0 0 0
0 0 0 4 0 0 7 0 0 0 2 0 0 0 5 0 8 0 0 0 0 0 0 0 0 0 0 0 4 0 0 6 0 5 0 0 1 0 0 0 0 1 0 0 0 3 0 3 0 0 0 0 7 0 0 0 0 0 0 0 0 9 0 0 8 8 0 3 8 0 0 0 0 1 3 0 1 0 0 4 0 0 0 0 0 0 12 0 7 0 0 1 3 0 0 0 0 0 1 0 0 0 0 0 1 0 0 7 2 0 0 5 2 0 0 0 0 0 0 0 0 0 5 0 0 0 0 0 0 1 0 3 2 0 0 0 0 0 0 0 0 4 0 0 6 4 0 5 0 0 0 0 0 0 0 12 0 0 0 0 0 0 0 0 0 2 0 0 0 0 0 0 0 0 0 8 0 7 1 2 0 0 0 0 0 0 0 0 0 0 0 2 6 1 0 0 0 0 4 0 0 9 0 0 0 0 0 0 0 0 0 0 0 0 5 0 0 0 4 0 0 0 0 0 0 0 1 0 4 3 0 2 3 0 7 0 0 0 0 7 3 7 0 0 0 1 5 0 2 0 2 5 8 0 0 0
0 1 0 1 0 1 5 0 0 0 0 1 0 0 2 0 5 0 0 0 0 0 0 0 0 0 0 0 1 0 0 7 0 7 0 0 0 0 0 0 0 0 0 0 0 4 0 3 0 0 0 0 5 0 0 0 0 0 0 0 0 5 0 0 12 10 0 4 2 2 0 0 0 3 2 0 0 0 0 1 0 0 0 0 0 0 15 0 3 0 0 4 4 1 0 0 0 0 4 0 0 0 0 0 1 0 0 6 3 4 0 7 0 0 0 0 0 0 0 4 0 0 6 0 0 0 0 0 0 5 0 0 0 0 0 0 0 0 0 0 0 3 0 0 2 2 0 6 0 0 0 0 0 0 0 15 0 0 0 0 0 0 0 0 0 5 0 0 0 0 0 0 0 0 0 5 0 8 0 0 0 0 0 0 0 0 0 0 0 0 0 3 9 0 0 0 0 0 10 0 0 11 1 0 0 0 0 0 1 0 0 0 0 1 9 0 0 0 9 0 0 0 0 0 0 0 3 0 3 1 0 0 0 4 4 0 3 0 0 7 0 4 0 0 0 5 5 0 0 0 1 1 11 0 0 0
0 0 0 0 0 0 0 0 0 0 0 0 0 0 0 0 0 0 0 0 0 0 0 0 0 0 0 0 0 0 0 0 0 0 0 0 0 0 0 0 0 0 0 0 0 0 0 0 0 0 0 0 0 0 0 0 0 0 0 0 0 0 0 0 0 0 0 0 0 0 0 0 0 0 0 0 0 0 0 0 0 0 0 0 0 0 0 0 0 0 0 0 0 0 0 0 0 0 0 0 0 0 0 0 0 0 0 0 0 0 0 0 0 0 0 0 0 0 0 0 0 0 0 0 0 0 0 0 0 0 0 0 0 0 0 0 0 0 0 0 0 0 0 0 0 0 0 0 0 0 0 0 0 0 0 0 0 0 0 0 0 0 0 0 0 0 0 0 0 0 0 0 0 0 0 0 0 0 0 0 0 0 0 0 0 0 0 0 0 0 0 0 0 0 0 0 0 0 0 0 0 0 0 0 0 0 0 0 0 0 0 0 0 0 0 0 0 0 0 0 0 0 0 0 0 0 0 0 0 0 0 0 0 0 0 0 0 0 0 0 0 0 0 0 0 0 0 0 0 0 0 0 0 0 0 0
0 1 0 2 0 2 5 0 0 0 0 1 0 0 2 0 5 0 0 0 0 0 0 0 0 0 0 0 1 0 0 6 0 7 0 0 0 0 0 0 0 0 0 0 0 4 0 3 0 0 0 0 5 0 0 0 0 0 0 0 0 5 0 0 12 10 0 4 3 2 0 0 0 3 3 0 0 0 0 1 0 0 0 0 0 0 15 0 3 0 0 3 4 1 0 0 0 0 3 0 0 0 0 0 0 0 0 6 4 3 0 7 0 0 0 0 0 0 0 3 0 0 6 0 0 0 0 0 0 5 0 0 0 0 0 0 0 0 0 0 0 3 0 0 2 2 0 6 0 0 0 0 0 0 0 15 0 0 0 0 0 0 0 0 0 4 0 0 0 0 0 0 0 0 0 6 0 8 0 1 0 0 0 0 0 0 0 0 0 0 0 3 9 0 0 0 0 0 10 0 0 11 0 0 0 0 0 0 1 0 0 0 0 0 9 0 0 0 9 0 0 0 0 0 0 0 3 0 3 1 0 0 0 3 5 0 3 0 0 7 0 4 0 0 0 5 5 0 0 0 1 1 11 0 0 0
0 2 0 0 0 5 5 0 0 0 0 4 0 0 1 0 1 0 0 3 0 0 0 0 0 0 0 0 0 0 0 5 0 9 0 0 0 0 0 0 0 0 0 0 0 4 0 3 0 0 0 0 2 0 0 0 0 0 0 0 0 3 0 2 9 11 0 5 0 0 0 0 0 4 4 0 2 0 0 3 0 0 0 0 0 0 14 0 0 0 0 3 5 0 0 0 0 0 4 0 0 0 0 0 2 0 0 3 6 4 0 4 0 0 0 0 0 0 1 0 0 0 4 0 0 0 0 0 0 4 0 0 0 0 0 0 0 0 0 0 0 0 0 0 0 2 0 5 0 0 0 0 0 0 0 13 1 0 0 0 0 0 0 0 0 5 0 0 0 0 0 0 1 0 0 3 0 7 0 0 0 0 0 0 0 0 0 0 0 0 0 3 8 0 0 0 0 0 10 0 0 10 4 0 0 0 0 0 0 0 0 0 0 1 10 0 0 0 11 0 0 0 0 0 0 0 6 0 1 0 0 0 0 2 2 0 4 0 0 6 0 0 0 0 0 3 3 0 0 0 1 0 7 0 0 0
0 0 0 10 0 0 7 0 0 0 5 0 0 3 12 0 13 0 0 0 0 0 2 0 0 0 0 4 7 0 0 7 0 0 0 0 2 0 0 0 0 4 0 0 0 0 0 2 0 0 0 0 10 0 3 0 0 0 0 0 3 12 0 0 5 3 3 1 17 0 0 1 0 0 1 0 3 0 0 6 0 0 0 0 0 0 9 0 16 0 0 0 1 1 0 0 0 7 0 0 0 0 0 0 0 0 0 11 0 0 0 5 8 0 0 0 0 0 0 1 5 0 4 0 0 0 0 0 0 0 0 9 7 0 0 0 0 0 0 0 0 9 0 0 12 6 0 3 0 0 0 0 0 0 0 9 0 0 0 0 0 0 0 0 0 0 0 0 0 0 0 0 0 0 0 10 0 7 1 4 0 0 0 0 5 0 0 0 0 0 0 1 5 4 0 0 0 0 0 0 0 7 0 0 0 0 0 0 2 0 0 0 0 0 0 3 0 0 0 0 1 0 0 5 0 0 0 0 6 4 0 8 8 0 12 0 0 0 0 8 8 12 0 0 0 0 7 0 7 0 4 11 8 0 0 0
0 2 0 0 0 2 6 0 0 0 0 1 0 0 1 0 4 0 0 0 0 0 0 0 0 0 0 0 0 0 0 6 0 8 1 0 0 0 0 0 0 0 0 0 0 4 0 3 0 0 0 0 4 0 0 0 0 0 0 0 0 5 0 0 11 11 0 4 1 1 0 0 0 3 3 0 0 0 0 2 0 0 0 0 0 0 14 0 1 0 0 4 4 0 0 0 0 0 3 0 0 0 0 0 1 0 0 5 4 4 0 6 0 0 0 0 0 0 0 2 0 0 5 0 0 0 0 0 0 5 0 0 0 0 0 0 0 0 0 0 0 1 0 0 1 2 0 5 0 0 0 0 0 0 0 14 0 0 0 0 0 0 0 0 0 5 0 0 0 0 0 0 0 0 0 5 0 7 0 0 0 0 0 0 0 0 0 0 0 0 0 3 8 0 0 0 0 0 9 0 0 10 2 0 0 0 0 0 0 0 0 0 0 0 9 0 0 0 8 0 0 0 0 0 0 0 4 0 2 2 0 0 0 3 4 0 4 0 0 6 0 2 0 0 0 3 4 0 0 0 1 1 9 0 0 0
0 1 0 0 0 7 3 1 0 0 0 6 0 0 1 3 0 0 0 3 0 0 0 0 0 0 0 0 0 2 0 6 0 8 1 0 0 0 0 0 0 0 0 0 0 5 0 3 0 0 0 0 1 0 0 0 0 0 0 0 0 0 1 2 10 10 0 4 0 1 0 0 0 4 5 0 1 0 0 1 0 0 0 0 0 0 15 0 0 0 0 4 4 1 0 0 0 0 6 0 0 0 0 0 0 0 0 2 5 4 0 4 0 0 0 0 0 0 0 2 0 0 2 0 0 0 0 1 0 5 0 0 0 0 0 0 0 0 0 0 0 0 0 0 0 1 2 5 0 0 0 0 0 0 0 11 3 0 0 0 0 0 0 0 0 6 0 0 0 0 0 0 2 0 0 2 0 7 0 0 0 0 0 0 0 0 0 0 0 0 0 4 9 0 0 0 0 0 10 0 0 9 5 0 0 0 0 0 0 0 0 0 0 1 12 0 0 0 11 0 0 0 0 0 0 0 7 0 1 0 0 0 0 5 0 1 3 0 0 5 0 0 0 0 0 6 4 0 0 0 0 0 6 0 0 0
0 1 0 0 0 5 4 0 0 0 0 3 0 0 1 0 2 0 0 0 0 0 0 0 0 0 0 0 0 0 0 6 0 8 1 0 0 0 0 0 0 0 0 0 0 5 0 3 0 0 0 0 3 0 0 0 0 0 0 0 0 2 0 0 10 10 0 4 0 1 0 0 0 4 3 0 0 0 0 1 0 0 0 0 0 0 14 0 0 0 0 4 4 1 0 0 0 0 4 0 0 0 0 0 1 0 0 4 4 4 0 5 0 0 0 0 0 0 0 2 0 0 4 0 0 0 0 0 0 5 0 0 0 0 0 0 0 0 0 0 0 0 0 0 0 1 0 5 0 0 0 0 0 0 0 13 0 0 0 0 0 0 0 0 0 5 0 0 0 0 0 0 0 0 0 3 0 7 0 0 0 0 0 0 0 0 0 0 0 0 0 3 8 0 0 0 0 0 10 0 0 9 3 0 0 0 0 0 0 0 0 0 0 1 10 0 0 0 10 0 0 0 0 0 0 0 5 0 2 0 0 0 0 4 2 0 3 0 0 6 0 0 0 0 0 5 4 0 0 0 0 0 8 0 0 0
0 0 0 0 0 0 0 0 0 0 0 0 0 0 0 0 0 0 0 0 0 0 0 0 0 0 0 0 0 0 0 0 0 0 0 0 0 0 0 0 0 0 0 0 0 0 0 0 0 0 0 0 0 0 0 0 0 0 0 0 0 0 0 0 0 0 0 0 0 0 0 0 0 0 0 0 0 0 0 0 0 0 0 0 0 0 0 0 0 0 0 0 0 0 0 0 0 0 0 0 0 0 0 0 0 0 0 0 0 0 0 0 0 0 0 0 0 0 0 0 0 0 0 0 0 0 0 0 0 0 0 0 0 0 0 0 0 0 0 0 0 0 0 0 0 0 0 0 0 0 0 0 0 0 0 0 0 0 0 0 0 0 0 0 0 0 0 0 0 0 0 0 0 0 0 0 0 0 0 0 0 0 0 0 0 0 0 0 0 0 0 0 0 0 0 0 0 0 0 0 0 0 0 0 0 0 0 0 0 0 0 0 0 0 0 0 0 0 0 0 0 0 0 0 0 0 0 0 0 0 0 0 0 0 0 0 0 0 0 0 0 0 0 0 0 0 0 0 0 0 0 0 0 0 0 0
0 0 0 6 0 0 1 0 0 0 3 0 0 3 9 0 6 0 0 0 0 0 4 0 1 0 0 4 4 0 0 2 0 0 0 0 0 0 0 0 0 3 0 0 0 0 0 0 0 0 0 0 4 0 6 0 1 0 2 0 5 4 0 0 1 0 1 0 9 0 0 3 1 0 0 1 2 0 1 3 0 2 0 0 0 0 2 0 8 0 0 0 0 1 0 0 0 8 1 0 0 0 0 0 0 0 2 5 0 0 0 2 8 0 0 0 0 0 0 3 4 0 1 0 0 0 0 0 0 0 0 5 5 1 0 0 0 0 0 0 0 6 0 0 6 3 0 1 0 0 0 0 0 2 0 0 0 0 0 0 0 0 0 0 0 0 0 0 1 0 0 0 0 0 0 4 0 4 1 3 0 0 0 0 4 0 0 0 0 3 0 0 2 3 4 0 0 0 0 0 0 0 0 0 0 0 0 0 1 2 2 0 0 0 0 6 0 0 0 0 3 0 0 6 0 0 0 0 4 0 0 5 5 0 5 0 0 0 0 4 4 5 0 0 3 2 4 0 5 0 2 7 4 0 0 0
0 3 1 0 0 10 4 2 0 0 0 7 0 0 0 5 0 1 0 5 0 0 0 0 0 0 0 0 0 2 0 5 0 11 1 0 0 0 0 0 1 0 0 0 0 6 0 4 0 0 1 0 1 0 0 0 0 0 0 0 0 0 3 5 11 13 0 6 0 2 0 0 0 6 6 0 1 0 0 1 0 0 1 0 0 0 17 0 0 0 0 5 6 0 0 0 0 0 6 0 0 0 0 0 0 0 0 0 7 5 0 4 0 0 0 1 0 0 2 2 0 0 3 0 0 0 0 0 0 7 0 0 0 0 0 0 0 0 0 0 0 0 0 0 0 1 3 5 0 0 0 1 0 0 0 14 3 0 0 0 0 0 0 0 0 8 0 0 0 0 0 0 4 0 0 2 0 8 0 0 0 0 0 0 0 0 0 0 0 0 0 4 11 0 0 0 0 0 13 0 0 11 7 1 0 0 0 0 0 0 0 0 0 2 15 0 1 0 14 0 0 0 0 0 0 0 8 0 0 0 0 0 0 5 0 2 5 0 0 6 0 0 0 0 0 6 4 0 0 0 0 0 8 0 0 0
0 0 0 12 0 0 6 0 0 0 6 0 0 3 14 0 13 0 0 0 0 0 2 0 0 0 0 5 7 0 0 7 0 0 0 0 2 0 0 0 0 5 0 0 0 0 0 2 0 0 0 0 11 0 3 0 0 0 0 0 4 13 0 0 6 2 2 0 18 0 0 1 0 0 2 0 4 0 0 6 0 0 0 0 0 0 9 0 17 0 0 0 0 1 0 0 0 8 0 0 0 0 0 0 0 0 0 12 0 0 0 7 10 0 0 0 0 0 1 2 6 0 4 0 0 0 0 0 0 0 0 10 7 0 0 0 0 0 0 0 0 10 0 0 13 6 0 3 0 0 0 0 0 0 0 10 0 0 0 0 0 0 0 0 0 0 0 0 0 0 0 0 0 0 0 11 0 8 0 5 0 0 0 0 5 0 0 0 0 0 0 0 6 5 0 0 0 0 0 0 0 7 0 0 0 0 0 0 2 0 0 0 0 0 0 5 0 0 1 0 3 0 0 6 0 0 0 0 7 3 0 9 10 0 13 0 0 0 0 9 9 13 0 0 0 2 8 0 8 0 5 12 9 0 0 0
0 2 0 0 0 3 6 0 0 0 0 2 0 0 0 0 4 0 0 0 0 0 0 0 0 0 0 0 0 0 0 6 0 8 1 0 0 0 0 0 0 0 0 0 0 4 0 3 0 0 0 0 4 0 0 0 0 0 0 0 0 4 0 0 11 11 0 5 1 1 0 0 0 3 3 0 0 0 0 2 0 0 0 0 0 0 14 0 1 0 0 4 4 0 0 0 0 0 3 0 0 0 0 0 2 0 0 5 5 4 0 6 0 0 0 0 0 0 0 2 0 0 5 0 0 0 0 0 0 5 0 0 0 0 0 0 0 0 0 0 0 1 0 0 1 2 0 5 0 0 0 0 0 0 0 14 0 0 0 0 0 0 0 0 0 5 0 0 0 0 0 0 0 0 0 5 0 7 0 0 0 0 0 0 0 0 0 0 0 0 0 3 8 0 0 0 0 0 10 0 0 10 2 0 0 0 0 0 0 0 0 0 0 0 9 0 0 0 9 0 0 0 0 0 0 0 4 0 2 1 0 0 0 3 3 0 4 0 0 7 0 2 0 0 0 4 4 0 0 0 1 0 9 0 0 0
0 1 0 2 0 1 6 0 0 0 0 0 0 0 2 0 5 0 0 0 0 0 0 0 0 0 0 0 2 0 0 6 0 7 0 0 0 0 0 0 0 0 0 0 0 4 0 3 0 0 0 0 6 0 0 0 0 0 0 0 0 6 0 0 12 10 0 4 3 1 0 0 0 3 2 0 0 0 0 1 0 0 0 0 0 0 15 0 4 0 0 3 4 0 0 0 0 0 3 0 0 0 0 0 0 0 0 6 3 2 0 7 0 0 0 0 0 0 0 3 0 0 6 0 0 0 0 0 0 4 0 0 0 0 0 0 0 0 0 0 0 3 0 0 2 2 0 5 0 0 0 0 0 0 0 15 0 0 0 0 0 0 0 0 0 4 0 0 0 0 0 0 0 0 0 6 0 8 0 1 0 0 0 0 0 0 0 0 0 0 0 2 9 0 0 0 0 0 9 0 0 11 0 0 0 0 0 0 1 0 0 0 0 0 8 0 0 0 9 0 0 0 0 0 0 0 2 0 2 2 0 0 0 2 5 0 2 0 0 7 1 5 0 0 0 4 5 0 0 0 1 2 11 0 0 0
0 2 0 0 0 4 5 0 0 0 0 3 0 0 1 0 2 0 0 0 0 0 0 0 0 0 0 0 0 0 0 7 0 9 1 0 0 0 0 0 0 0 0 0 0 5 0 3 0 0 0 0 5 0 0 0 0 0 0 0 0 4 0 0 14 12 0 5 0 2 0 0 0 4 3 0 0 0 0 0 0 0 0 0 0 0 17 0 0 0 0 5 5 1 0 0 0 0 5 0 0 0 0 0 0 0 0 5 5 4 0 7 0 0 0 0 0 0 0 4 0 0 6 0 0 0 0 0 0 6 0 0 0 0 0 0 0 0 0 0 0 1 0 0 0 1 0 6 0 0 0 0 0 0 0 16 0 0 0 0 0 0 0 0 0 6 0 0 0 0 0 0 0 0 0 5 0 9 0 0 0 0 0 0 0 0 0 0 0 0 0 3 10 0 0 0 0 0 12 0 0 12 3 0 0 0 0 0 0 0 0 0 0 1 11 0 0 0 12 0 0 0 0 0 0 0 4 0 2 1 0 0 0 4 3 0 4 0 0 7 0 2 0 0 0 6 5 0 0 0 0 0 11 0 0 0
0 0 0 3 0 0 5 0 0 0 1 0 0 0 3 0 7 0 0 0 0 0 0 0 0 0 0 0 1 0 0 7 0 6 0 0 1 0 0 0 0 0 0 0 0 3 0 2 0 0 0 0 6 0 0 0 0 0 0 0 0 7 0 0 10 8 0 2 5 0 0 0 0 2 2 0 0 0 0 3 0 0 0 0 0 0 14 0 5 0 0 3 3 1 0 0 0 0 2 0 0 0 0 0 1 0 0 7 2 2 0 7 0 0 0 0 0 0 0 3 0 0 5 0 0 0 0 0 0 3 0 1 0 0 0 0 0 0 0 0 0 4 0 0 4 2 0 5 0 0 0 0 0 0 0 13 0 0 0 0 0 0 0 0 0 3 0 0 0 0 0 0 0 0 0 6 0 7 0 1 0 0 0 0 0 0 0 0 0 0 0 2 7 1 0 0 0 0 7 0 0 9 0 0 0 0 0 0 1 0 0 0 0 0 6 0 0 0 6 0 0 0 0 0 0 0 2 0 4 2 0 1 1 3 5 0 1 0 0 7 1 5 0 0 0 4 5 0 0 0 2 3 10 0 0 0
0 2 0 0 0 7 3 0 0 0 0 5 0 0 2 2 0 0 0 2 0 0 0 0 0 0 0 0 0 1 0 6 0 8 0 0 0 0 0 0 0 0 0 0 0 5 0 3 0 0 0 0 2 0 0 0 0 0 0 0 0 0 0 1 11 10 0 4 0 1 0 0 0 5 5 0 0 0 0 0 0 0 0 0 0 0 15 0 0 0 0 4 4 1 0 0 0 0 6 0 0 0 0 0 0 0 0 2 5 3 0 5 0 0 0 0 0 0 1 3 0 0 3 0 0 0 0 0 0 5 0 0 0 0 0 0 0 0 0 0 0 0 0 0 0 1 0 5 0 0 0 0 0 0 0 12 1 0 0 0 0 0 0 0 0 6 0 0 0 0 0 0 1 0 0 3 0 7 0 0 0 0 0 0 0 0 0 0 0 0 0 4 10 0 0 0 0 0 11 0 0 10 4 0 0 0 0 0 0 0 0 0 0 1 12 0 0 0 12 0 0 0 0 0 0 0 6 0 1 0 0 0 0 5 1 0 3 0 0 5 0 0 0 0 0 6 4 0 0 0 0 0 7 0 0 0
0 0 0 0 0 0 0 0 0 0 0 0 0 0 0 0 0 0 0 0 0 0 0 0 0 0 0 0 0 0 0 0 0 0 0 0 0 0 0 0 0 0 0 0 0 0 0 0 0 0 0 0 0 0 0 0 0 0 0 0 0 0 0 0 0 0 0 0 0 0 0 0 0 0 0 0 0 0 0 0 0 0 0 0 0 0 0 0 0 0 0 0 0 0 0 0 0 0 0 0 0 0 0 0 0 0 0 0 0 0 0 0 0 0 0 0 0 0 0 0 0 0 0 0 0 0 0 0 0 0 0 0 0 0 0 0 0 0 0 0 0 0 0 0 0 0 0 0 0 0 0 0 0 0 0 0 0 0 0 0 0 0 0 0 0 0 0 0 0 0 0 0 0 0 0 0 0 0 0 0 0 0 0 0 0 0 0 0 0 0 0 0 0 0 0 0 0 0 0 0 0 0 0 0 0 0 0 0 0 0 0 0 0 0 0 0 0 0 0 0 0 0 0 0 0 0 0 0 0 0 0 0 0 0 0 0 0 0 0 0 0 0 0 0 0 0 0 0 0 0 0 0 0 0 0 0
0 2 0 0 0 5 4 0 0 0 0 4 0 0 2 0 1 0 0 0 0 0 0 0 0 0 0 0 0 0 0 7 0 8 0 0 0 0 0 0 0 0 0 0 0 5 0 3 0 0 0 0 4 0 0 0 0 0 0 0 0 2 0 0 12 11 0 4 0 1 0 0 0 4 4 0 0 0 0 1 0 0 0 0 0 0 16 0 0 0 0 4 4 1 0 0 0 0 5 0 0 0 0 0 0 0 0 3 4 3 0 6 0 0 0 0 0 0 0 3 0 0 4 0 0 0 0 0 0 5 0 0 0 0 0 0 0 0 0 0 0 0 0 0 0 1 0 5 0 0 0 0 0 0 0 13 0 0 0 0 0 0 0 0 0 6 0 0 0 0 0 0 0 0 0 4 0 8 0 0 0 0 0 0 0 0 0 0 0 0 0 4 10 0 0 0 0 0 10 0 0 10 3 0 0 0 0 0 0 0 0 0 0 0 11 0 0 0 11 0 0 0 0 0 0 0 5 0 2 1 0 0 0 4 2 0 3 0 0 6 0 0 0 0 0 5 5 0 0 0 1 0 7 0 0 0
0 0 0 12 0 0 4 0 0 0 6 0 0 5 17 0 12 0 0 0 0 0 8 0 0 0 0 7 7 0 0 6 0 0 0 0 0 0 0 0 0 5 0 0 0 0 0 1 0 0 0 0 9 0 12 0 4 0 3 0 7 8 0 0 4 0 0 0 19 0 0 4 4 0 0 2 3 0 0 7 0 4 0 0 0 0 6 0 17 0 0 0 0 2 0 0 0 14 3 0 0 0 0 0 0 0 2 11 0 0 0 5 14 0 0 0 0 0 0 6 7 0 2 0 0 0 0 0 0 0 0 10 10 0 0 0 0 0 0 0 0 12 0 0 12 5 0 3 0 0 0 0 0 4 0 1 0 0 0 0 0 0 0 0 0 0 0 0 0 0 0 0 0 0 0 8 0 7 3 6 0 0 0 0 9 0 0 0 0 5 0 3 4 7 7 0 0 0 0 0 0 2 0 0 0 0 0 0 3 2 1 0 0 0 0 9 0 0 0 0 5 0 0 11 0 0 0 0 9 2 1 9 9 0 9 0 0 0 0 8 6 10 0 0 7 5 8 0 8 0 3 13 9 0 0 1
0 0 0 8 0 0 7 0 0 0 4 0 0 1 9 0 11 0 0 0 0 0 0 0 0 0 0 3 5 0 0 6 0 1 0 0 1 0 0 0 0 3 0 0 0 1 0 2 0 0 0 0 8 0 0 0 0 0 0 0 0 11 0 0 6 5 1 1 13 0 0 0 0 0 2 0 3 0 0 5 0 0 0 0 0 0 9 0 13 0 0 0 1 0 0 0 0 3 0 0 0 0 0 0 1 0 0 10 0 0 0 5 6 0 0 0 0 0 0 0 3 0 4 0 0 0 0 0 0 0 0 7 5 0 0 0 0 0 0 0 0 7 0 0 10 5 0 4 0 0 0 0 0 0 0 10 0 0 0 0 0 0 0 0 0 1 0 0 0 0 0 0 0 0 0 9 0 7 1 3 0 0 0 0 3 0 0 0 0 0 0 1 4 4 0 0 0 0 1 0 0 7 0 0 0 0 0 0 1 0 0 0 0 0 0 1 0 0 1 0 0 0 0 3 0 0 0 0 5 3 0 6 6 0 10 0 0 0 0 8 6 11 0 0 0 1 6 0 5 0 3 8 8 0 0 0
0 0 0 7 0 0 5 0 0 0 4 0 0 1 7 0 9 0 0 0 0 0 1 0 0 0 0 3 4 0 0 4 0 0 0 0 1 0 0 0 0 2 0 0 0 0 0 1 0 0 0 0 6 0 2 0 0 0 0 0 1 8 0 0 3 2 2 0 11 0 0 0 0 0 1 0 2 0 0 4 0 0 0 0 0 0 5 0 10 0 0 0 0 1 0 0 0 4 0 0 0 0 0 0 0 0 0 8 0 0 0 3 5 0 0 0 0 0 0 1 3 0 3 0 0 0 0 0 0 0 0 6 5 0 0 0 0 0 0 0 0 6 0 0 9 4 0 2 0 0 0 0 0 0 0 6 0 0 0 0 0 0 0 0 0 0 0 0 0 0 0 0 0 0 0 7 0 5 1 3 0 0 0 0 4 0 0 0 0 0 0 0 2 3 0 0 0 0 0 0 0 4 0 0 0 0 0 0 1 0 0 0 0 0 0 2 0 0 0 0 1 0 0 3 0 0 0 0 4 2 0 5 5 0 7 0 0 0 0 6 4 8 0 0 0 0 4 0 4 0 2 7 6 0 0 0
0 2 0 0 0 5 4 0 0 0 0 4 0 0 1 0 2 0 0 0 0 0 0 0 0 0 0 0 0 0 0 6 0 8 0 0 0 0 0 0 0 0 0 0 0 4 0 3 0 0 0 0 3 0 0 0 0 0 0 0 0 3 0 0 10 10 0 4 0 1 0 0 0 4 4 0 0 0 0 2 0 0 0 0 0 0 14 0 0 0 0 4 4 1 0 0 0 0 4 0 0 0 0 0 1 0 0 3 4 4 0 5 0 0 0 0 0 0 0 2 0 0 4 0 0 0 0 0 0 5 0 0 0 0 0 0 0 0 0 0 0 0 0 0 0 1 0 5 0 0 0 0 0 0 0 13 0 0 0 0 0 0 0 0 0 5 0 0 0 0 0 0 0 0 0 4 0 7 0 0 0 0 0 0 0 0 0 0 0 0 0 3 9 0 0 0 0 0 10 0 0 9 3 0 0 0 0 0 0 0 0 0 0 1 10 0 0 0 10 0 0 0 0 0 0 0 5 0 2 0 0 0 0 4 2 0 3 0 0 6 0 0 0 0 0 5 4 0 0 0 1 0 8 0 0 0
0 0 0 3 0 0 1 0 0 0 1 0 0 1 7 0 3 0 0 0 0 0 0 0 0 0 0 0 2 0 0 3 0 0 0 0 0 0 0 0 0 2 0 0 0 1 0 2 0 0 0 0 3 0 0 0 0 0 0 0 2 2 0 0 4 1 0 0 4 1 0 0 0 1 2 0 2 0 0 1 0 0 0 0 0 0 5 0 4 0 0 0 0 0 0 0 0 2 2 0 0 0 0 0 0 0 0 3 0 0 0 3 3 0 0 0 0 0 2 3 0 0 1 0 0 0 0 0 0 0 0 2 1 0 0 0 0 0 0 0 1 2 0 0 2 2 0 2 0 0 0 0 0 0 0 4 0 0 0 0 0 0 0 0 0 2 0 0 0 0 0 0 0 0 0 3 0 4 0 1 0 0 0 0 0 0 0 0 0 0 0 2 5 2 0 0 0 0 1 0 0 4 0 0 0 0 0 0 0 0 0 0 0 0 2 2 0 0 3 0 2 0 0 1 0 0 0 0 2 0 0 2 3 1 3 0 0 0 0 3 3 4 0 0 2 3 4 0 1 0 1 4 3 0 0 0
0 0 0 11 0 0 6 0 0 0 5 0 0 3 12 0 13 0 0 0 0 0 2 0 0 0 0 5 7 0 0 6 0 0 0 0 2 0 0 0 0 4 0 0 0 0 0 2 0 0 0 0 10 0 2 0 0 0 0 0 3 12 0 0 5 3 2 0 17 0 0 1 0 0 1 0 3 0 0 5 0 0 0 0 0 0 8 0 16 0 0 0 1 1 0 0 0 6 0 0 0 0 0 0 0 0 0 11 0 0 0 6 9 0 0 0 0 0 1 1 6 0 4 0 0 0 0 0 0 0 0 10 7 0 0 0 0 0 0 0 0 10 0 0 13 6 0 3 0 0 0 0 0 0 0 9 0 0 0 0 0 0 0 0 0 0 0 0 0 0 0 0 0 0 0 10 0 8 1 4 0 0 0 0 5 0 0 0 0 0 0 0 5 4 0 0 0 0 0 0 0 6 0 0 0 0 0 0 2 0 0 0 0 0 0 4 0 0 0 0 1 0 0 5 0 0 0 0 6 3 0 9 9 0 12 0 0 0 0 8 8 13 0 0 0 1 7 0 7 0 4 11 9 0 0 0
0 2 0 0 0 2 4 0 0 0 1 2 0 0 0 0 2 0 0 0 0 0 0 0 0 0 0 0 0 0 0 4 0 6 0 0 1 0 0 0 0 0 0 0 0 2 0 0 0 0 0 0 1 0 0 0 0 0 0 0 0 4 0 0 4 6 0 2 0 0 2 0 0 1 1 0 0 0 0 4 0 0 0 0 0 0 7 0 0 0 0 2 4 1 0 0 0 0 1 0 0 0 0 0 2 0 0 3 3 3 0 2 0 0 0 0 0 0 0 0 0 0 2 0 0 0 0 1 0 1 0 0 0 0 0 0 0 0 0 0 0 0 1 0 1 0 0 2 0 0 0 0 0 0 0 7 2 0 0 0 0 0 0 0 0 2 0 0 0 0 0 0 0 0 0 3 0 3 0 1 0 0 0 0 0 0 0 0 1 0 0 1 4 0 0 0 0 0 5 0 0 4 3 0 0 0 0 0 0 0 0 0 0 0 6 0 3 0 5 0 0 0 0 0 0 0 4 0 1 1 0 0 0 1 1 0 3 0 0 3 0 0 0 0 0 0 2 0 0 0 2 1 3 0 0 0
0 0 0 3 0 0 6 0 0 0 0 0 0 0 2 0 6 0 0 0 0 0 0 0 0 0 0 0 2 0 0 6 0 6 0 0 1 0 0 0 0 0 0 0 0 3 0 3 0 0 0 0 6 0 0 0 0 0 0 0 0 7 0 0 10 9 0 3 5 1 0 0 0 2 1 0 0 0 0 2 0 0 0 0 0 0 13 0 6 0 0 2 3 0 0 0 0 0 2 0 0 0 0 0 1 0 0 7 2 2 0 6 0 0 0 0 0 0 0 3 0 0 6 0 0 0 0 0 0 3 0 2 0 0 0 0 0 0 0 0 0 4 0 0 4 2 0 5 0 0 0 0 0 0 0 13 0 0 0 0 0 0 0 0 0 3 0 0 0 0 0 0 0 0 0 6 0 7 1 1 0 0 0 0 0 0 0 0 0 0 0 2 7 0 0 0 0 0 7 0 0 10 0 0 0 0 0 0 2 0 0 0 0 0 6 0 0 0 6 0 0 0 0 0 0 0 1 0 3 2 0 1 1 2 6 0 1 0 0 7 1 6 0 0 0 3 4 0 0 0 2 3 10 0 0 0
0 3 0 0 0 6 5 0 0 0 0 5 0 0 0 0 0 0 0 0 0 0 0 0 0 0 0 0 0 0 0 6 0 10 1 0 0 0 0 0 0 0 0 0 0 6 0 3 0 0 0 0 4 0 0 0 0 0 0 0 0 3 0 0 13 13 0 6 0 2 0 0 0 5 3 0 0 0 0 0 0 0 0 0 0 0 17 0 0 0 0 5 6 1 0 0 0 0 5 0 0 0 0 0 1 0 0 4 6 5 0 6 0 0 0 0 0 0 0 4 0 0 6 0 0 0 0 0 0 7 0 0 0 0 0 0 0 0 0 0 0 0 0 0 0 1 0 6 0 0 0 0 0 0 0 16 0 0 0 0 0 0 0 0 0 6 0 0 0 0 0 0 0 0 0 4 0 9 0 0 0 0 0 0 0 0 0 0 0 0 0 3 11 0 0 0 0 0 13 0 0 11 4 0 0 0 0 0 0 0 0 0 0 2 13 0 1 0 13 0 0 0 0 0 0 0 5 0 1 0 0 0 0 4 2 0 5 0 0 7 0 0 0 0 0 7 5 0 0 0 0 0 11 0 0 0
0 0 0 7 0 0 1 0 0 0 4 0 0 3 11 0 6 0 0 0 0 0 5 1 1 0 0 4 4 0 0 3 0 0 0 0 0 0 0 0 0 3 0 0 0 0 0 0 0 0 0 0 5 0 7 0 3 0 3 0 5 4 0 0 2 0 0 0 10 0 0 3 2 0 0 2 2 0 1 3 0 3 0 0 0 0 3 0 9 0 0 0 0 1 0 1 0 9 2 0 0 0 0 0 0 0 2 6 0 0 0 3 9 0 0 0 0 0 0 4 4 0 0 0 0 0 0 0 0 0 0 6 5 1 0 0 0 0 0 0 0 6 0 0 6 3 0 1 0 0 0 0 0 3 0 0 0 0 0 0 0 0 0 0 0 0 0 0 1 0 0 0 0 0 0 4 0 4 1 3 0 0 0 0 5 0 0 0 0 3 0 1 3 4 4 0 0 0 0 0 0 0 0 0 0 0 0 0 1 2 2 0 0 0 0 6 0 0 0 0 4 0 1 6 0 0 0 0 5 0 1 5 5 0 5 0 0 0 0 4 4 5 0 0 5 3 5 0 5 0 2 8 4 0 0 0
0 2 0 0 0 4 5 0 0 0 0 3 0 0 1 0 2 0 0 0 0 0 0 0 0 0 0 0 0 0 0 6 0 8 1 0 0 0 0 0 0 0 0 0 0 5 0 3 0 0 0 0 4 0 0 0 0 0 0 0 0 3 0 0 12 11 0 5 0 2 0 0 0 4 4 0 0 0 0 1 0 0 0 0 0 0 16 0 0 0 0 4 4 0 0 0 0 0 4 0 0 0 0 0 1 0 0 4 5 4 0 6 0 0 0 0 0 0 0 3 0 0 5 0 0 0 0 0 0 5 0 0 0 0 0 0 0 0 0 0 0 0 0 0 0 2 0 6 0 0 0 0 0 0 0 14 0 0 0 0 0 0 0 0 0 6 0 0 0 0 0 0 0 0 0 4 0 8 0 0 0 0 0 0 0 0 0 0 0 0 0 3 9 0 0 0 0 0 11 0 0 11 3 0 0 0 0 0 0 0 0 0 0 1 11 0 0 0 11 0 0 0 0 0 0 0 5 0 2 1 0 0 0 4 3 0 4 0 0 6 0 1 0 0 0 5 4 0 0 0 0 0 9 0 0 0
0 0 0 2 0 0 6 0 0 0 0 0 0 0 2 0 6 0 0 0 0 0 0 0 0 0 0 0 2 0 0 6 0 7 0 0 1 0 0 0 0 0 0 0 0 3 0 3 0 0 0 0 6 0 0 0 0 0 0 0 0 7 0 0 10 9 0 4 4 1 0 0 0 2 2 0 0 0 0 3 0 0 0 0 0 0 13 0 4 0 0 2 4 1 0 0 0 0 2 0 0 0 0 0 1 0 0 7 3 2 0 6 0 0 0 0 0 0 0 2 0 0 6 0 0 0 0 0 0 3 0 1 0 0 0 0 0 0 0 0 0 3 0 0 4 2 0 5 0 0 0 0 0 0 0 13 0 0 0 0 0 0 0 0 0 3 0 0 0 0 0 0 0 0 0 6 0 7 0 1 0 0 0 0 0 0 0 0 0 0 0 2 7 0 0 0 0 0 8 0 0 9 0 0 0 0 0 0 1 0 0 0 0 0 7 0 0 0 7 0 0 0 0 0 0 0 2 0 3 2 0 0 0 2 5 0 2 0 0 7 1 5 0 0 0 3 4 0 0 0 1 2 10 0 0 0
0 0 0 7 0 0 6 0 0 0 2 0 0 1 7 0 9 0 0 0 0 0 0 0 0 0 0 2 4 0 0 6 0 3 0 0 1 0 0 0 0 2 0 0 0 2 0 2 0 0 0 0 8 0 0 0 0 0 0 0 0 9 0 0 8 6 0 2 10 0 0 0 0 1 2 0 2 0 0 3 0 0 0 0 0 0 11 0 10 0 0 0 2 1 0 0 0 0 1 0 0 0 0 0 0 0 0 9 0 0 0 6 4 0 0 0 0 0 0 2 1 0 5 0 0 0 0 0 0 0 0 5 3 0 0 0 0 0 0 0 0 6 0 0 8 4 0 4 0 0 0 0 0 0 0 11 0 0 0 0 0 0 0 0 0 2 0 0 0 0 0 0 0 0 0 8 0 8 1 3 0 0 0 0 1 0 0 0 0 0 0 1 6 3 0 0 0 0 4 0 0 8 0 0 0 0 0 0 1 0 0 0 0 0 3 0 0 0 4 0 0 0 0 0 0 0 0 0 5 2 0 4 5 1 9 0 0 0 0 8 4 9 0 0 0 3 6 0 3 0 2 6 10 0 0 0
0 2 0 0 0 7 4 0 0 0 0 5 0 0 0 1 0 0 0 2 0 0 0 0 0 0 0 0 0 0 0 5 0 9 1 0 0 0 0 0 0 0 0 0 0 5 0 3 0 0 0 0 2 0 0 0 0 0 0 0 0 1 0 1 11 11 0 5 0 1 0 0 0 4 4 0 0 0 0 1 0 0 0 0 0 0 15 0 0 0 0 4 5 1 0 0 0 0 5 0 0 0 0 0 0 0 0 2 5 4 0 5 0 0 0 0 0 0 1 3 0 0 4 0 0 0 0 0 0 6 0 0 0 0 0 0 0 0 0 0 0 0 0 0 0 1 0 5 0 0 0 0 0 0 0 13 1 0 0 0 0 0 0 0 0 6 0 0 0 0 0 0 1 0 0 3 0 7 0 0 0 0 0 0 0 0 0 0 0 0 0 3 10 0 0 0 0 0 11 0 0 10 5 0 0 0 0 0 0 0 0 0 0 2 12 0 0 0 12 0 0 0 0 0 0 0 6 0 1 0 0 0 0 4 1 0 4 0 0 6 0 0 0 0 0 6 4 0 0 0 0 0 8 0 0 0
0 1 0 0 0 2 5 0 0 0 0 1 0 0 1 0 4 0 0 0 0 0 0 0 0 0 0 0 0 0 0 6 0 7 1 0 0 0 0 0 0 0 0 0 0 4 0 2 0 0 0 0 4 0 0 0 0 0 0 0 0 4 0 0 9 9 0 4 1 0 0 0 0 3 3 0 0 0 0 2 0 0 0 0 0 0 13 0 1 0 0 3 3 0 0 0 0 0 3 0 0 0 0 0 1 0 0 5 4 3 0 5 0 0 0 0 0 0 0 1 0 0 4 0 0 0 0 0 0 4 0 0 0 0 0 0 0 0 0 0 0 1 0 0 2 2 0 5 0 0 0 0 0 0 0 12 0 0 0 0 0 0 0 0 0 4 0 0 0 0 0 0 0 0 0 5 0 6 0 1 0 0 0 0 0 0 0 0 0 0 0 3 7 0 0 0 0 0 7 0 0 9 1 0 0 0 0 0 0 0 0 0 0 0 8 0 0 0 7 0 0 0 0 0 0 0 4 0 3 1 0 0 0 3 3 0 3 0 0 6 0 2 0 0 0 3 4 0 0 0 1 1 8 0 0 0
0 0 0 7 0 0 1 0 0 0 4 0 0 3 11 0 6 0 0 0 0 0 6 1 1 0 0 4 4 0 0 3 0 0 0 0 0 0 0 0 0 4 0 0 0 0 0 0 0 0 0 0 5 0 8 0 3 0 3 0 5 4 0 0 1 0 0 0 10 0 0 3 2 0 0 2 2 0 1 3 0 3 0 0 0 0 3 0 9 0 0 0 0 2 0 1 0 9 2 0 0 0 0 0 0 0 2 5 0 0 0 3 9 0 0 0 0 0 0 4 4 0 0 0 0 0 0 0 0 0 0 6 5 1 0 0 0 0 0 0 0 6 0 0 6 3 0 1 0 0 0 0 0 3 0 0 0 0 0 0 0 0 0 0 1 0 0 0 2 0 0 1 0 0 0 4 0 4 1 3 0 0 0 0 5 0 0 0 0 4 0 2 3 4 5 0 0 0 0 0 0 0 0 0 0 0 0 0 1 2 2 0 0 0 0 6 0 0 0 0 4 0 1 6 0 0 0 0 5 0 1 5 6 0 5 0 0 0 0 4 4 5 0 0 5 3 5 0 5 0 2 8 3 0 0 0
0 2 0 0 0 5 5 0 0 0 0 4 0 0 0 0 1 0 0 0 0 0 0 0 0 0 0 0 0 0 0 6 0 10 1 0 0 0 0 0 0 0 0 0 0 5 0 4 0 0 0 0 4 0 0 0 0 0 0 0 0 3 0 0 12 13 0 6 0 2 0 0 0 5 4 0 0 0 0 1 0 0 0 0 0 0 16 0 0 0 0 4 5 0 0 0 0 0 5 0 0 0 0 0 1 0 0 3 6 4 0 6 0 0 0 0 0 0 0 3 0 0 5 0 0 0 0 0 0 6 0 0 0 0 0 0 0 0 0 0 0 0 0 0 0 2 0 6 0 0 0 0 0 0 0 15 0 0 0 0 0 0 0 0 0 6 0 0 0 0 0 0 0 0 0 4 0 8 0 0 0 0 0 0 0 0 0 0 0 0 0 3 10 0 0 0 0 0 12 0 0 12 4 0 0 0 0 0 0 0 0 0 0 1 12 0 0 0 12 0 0 0 0 0 0 0 5 0 1 0 0 0 0 4 2 0 5 0 0 7 0 1 0 0 0 5 4 0 0 0 0 0 10 0 0 0
0 1 0 2 0 1 6 0 0 0 0 0 0 0 1 0 5 0 0 0 0 0 0 0 0 0 0 0 1 0 0 6 0 7 0 0 1 0 0 0 0 0 0 0 0 4 0 3 0 0 0 0 5 0 0 0 0 0 0 0 0 6 0 0 11 10 0 4 3 1 0 0 0 3 2 0 0 0 0 1 0 0 0 0 0 0 14 0 4 0 0 3 4 0 0 0 0 0 3 0 0 0 0 0 1 0 0 6 3 3 0 7 0 0 0 0 0 0 0 3 0 0 6 0 0 0 0 0 0 4 0 0 0 0 0 0 0 0 0 0 0 3 0 0 2 2 0 5 0 0 0 0 0 0 0 14 0 0 0 0 0 0 0 0 0 4 0 0 0 0 0 0 0 0 0 6 0 7 0 0 0 0 0 0 0 0 0 0 0 0 0 2 8 0 0 0 0 0 9 0 0 10 0 0 0 0 0 0 2 0 0 0 0 1 8 0 0 0 8 0 0 0 0 0 0 0 2 0 2 2 0 0 0 2 5 0 3 0 0 7 0 4 0 0 0 4 4 0 0 0 1 1 11 0 0 0
0 0 0 9 0 0 6 0 0 0 4 0 0 2 9 0 11 0 0 0 0 0 3 0 0 0 0 4 5 0 0 5 0 0 0 0 2 0 0 0 0 3 0 0 0 0 0 1 0 0 0 0 8 0 3 0 0 0 0 0 2 10 0 0 4 1 2 0 14 0 0 1 1 0 0 0 2 0 0 5 0 0 0 0 0 0 6 0 13 0 0 0 0 1 0 0 0 6 0 0 0 0 0 0 0 0 0 9 0 0 0 4 8 0 0 0 0 0 0 1 4 0 3 0 0 0 0 0 0 0 0 8 6 0 0 0 0 0 0 0 0 8 0 0 10 5 0 3 0 0 0 0 0 0 0 6 0 0 0 0 0 0 0 0 0 0 0 0 0 0 0 0 0 0 0 8 0 6 2 4 0 0 0 0 5 0 0 0 0 0 0 0 3 4 1 0 0 0 0 0 0 4 0 0 0 0 0 0 2 0 0 0 0 0 0 3 0 0 0 0 1 0 0 5 0 0 0 0 5 3 0 7 7 0 9 0 0 0 0 7 5 10 0 0 0 1 5 0 5 0 3 9 7 0 0 0
0 2 0 0 0 6 4 0 0 0 0 4 0 0 1 0 1 0 0 1 0 0 0 0 0 0 0 0 0 0 0 6 0 8 1 0 0 0 0 0 0 0 0 0 0 5 0 3 0 0 0 0 3 0 0 0 0 0 0 0 0 1 0 0 11 11 0 4 0 1 0 0 0 4 4 0 0 0 0 1 0 0 0 0 0 0 16 0 0 0 0 4 4 1 0 0 0 0 5 0 0 0 0 0 0 0 0 3 5 3 0 5 0 0 0 0 0 0 0 3 0 0 4 0 0 0 0 0 0 5 0 0 0 0 0 0 0 0 0 0 0 0 0 0 0 1 0 5 0 0 0 0 0 0 0 13 0 0 0 0 0 0 0 0 0 6 0 0 0 0 0 0 0 0 0 4 0 7 0 0 0 0 0 0 0 0 0 0 0 0 0 4 10 0 0 0 0 0 10 0 0 10 4 0 0 0 0 0 0 0 0 0 0 1 12 0 0 0 11 0 0 0 0 0 0 0 6 0 2 0 0 0 0 4 2 0 4 0 0 6 0 0 0 0 0 5 4 0 0 0 0 0 7 0 0 0
0 0 0 9 0 0 8 0 0 0 5 0 0 2 9 0 13 0 0 0 0 0 2 0 0 0 0 4 6 0 0 5 0 0 0 0 3 0 0 0 0 3 0 0 0 0 0 1 0 0 0 0 9 0 2 0 0 0 0 0 1 13 0 0 4 3 4 1 16 0 1 1 0 0 1 0 2 0 0 6 0 0 0 0 0 0 7 0 15 0 0 0 1 0 0 0 0 5 0 0 0 0 0 0 1 0 0 11 0 0 0 4 7 0 0 0 0 0 0 0 5 0 4 0 0 0 0 0 0 0 0 9 7 0 0 0 0 0 0 0 0 8 0 0 13 6 0 3 0 0 0 0 0 0 0 9 0 0 0 0 0 0 0 0 0 0 0 0 0 0 0 0 0 0 0 10 0 6 1 4 0 0 0 0 5 0 0 0 0 0 0 0 3 3 0 0 0 0 0 0 0 5 0 0 0 0 0 0 2 0 0 0 0 0 0 2 0 0 0 0 0 0 0 5 0 0 0 0 5 4 0 8 8 0 11 0 0 0 0 8 7 12 0 0 0 0 5 0 7 0 5 9 8 0 0 0
0 0 0 0 0 1 5 0 0 0 1 1 0 0 3 0 5 0 0 0 0 0 0 0 0 0 0 0 0 0 0 7 0 6 0 0 0 0 0 0 0 0 0 0 0 3 0 3 0 0 0 0 4 0 0 0 0 0 0 0 0 4 0 0 8 8 0 3 2 0 0 0 0 2 4 0 1 0 0 3 0 0 0 0 0 0 12 0 2 0 0 3 2 0 0 0 0 0 3 0 0 0 0 0 1 0 0 4 3 2 0 5 0 0 0 0 0 0 0 1 0 0 3 0 0 0 0 0 0 3 0 0 0 0 0 0 0 0 0 0 0 1 0 0 2 2 0 5 0 0 0 0 0 0 0 11 0 0 0 0 0 0 0 0 0 4 0 0 0 0 0 0 0 0 0 5 0 6 0 0 0 0 0 0 0 0 0 0 0 0 0 3 7 1 0 0 0 0 6 0 0 9 1 0 0 0 0 0 0 0 0 0 0 0 7 0 0 0 6 0 0 0 0 0 0 0 4 0 3 2 0 0 0 2 4 0 2 0 0 6 1 2 0 0 0 2 4 0 0 0 1 3 6 0 0 0
0 0 0 7 0 0 4 0 0 0 3 0 0 3 9 0 8 0 0 0 0 0 3 0 0 0 0 4 4 0 0 3 0 0 0 0 0 0 0 0 0 2 0 0 0 0 0 1 0 0 0 0 6 0 6 0 0 0 1 0 3 6 0 0 3 0 0 0 12 1 0 1 2 0 0 0 2 0 0 4 0 1 0 0 0 0 4 0 11 0 0 0 0 1 0 0 0 7 1 0 0 0 0 0 0 0 0 7 0 0 0 3 8 0 0 0 0 0 0 3 4 0 2 0 0 0 0 0 0 0 0 6 6 0 0 0 0 0 0 0 0 7 0 0 8 4 0 2 0 0 0 0 0 1 0 2 0 0 0 0 0 0 0 0 0 0 0 0 0 0 0 0 0 0 0 5 0 5 2 4 0 0 0 0 5 0 0 0 0 1 0 1 2 4 4 0 0 0 0 0 0 2 0 0 0 0 0 0 2 0 0 0 0 0 0 4 0 0 0 0 2 0 0 6 0 0 0 0 5 1 0 5 5 0 6 0 0 0 0 6 4 7 0 0 3 3 5 0 4 0 1 7 7 0 0 1
0 1 0 0 0 4 6 0 0 0 0 2 0 0 1 0 3 0 0 0 0 0 0 0 0 0 0 0 0 0 0 7 0 9 1 0 0 0 0 0 0 0 0 0 0 5 0 4 0 0 0 0 5 0 0 0 0 0 0 0 0 4 0 0 13 12 0 5 0 2 0 0 0 4 4 0 0 0 0 1 0 0 0 0 0 0 17 0 0 0 0 4 5 0 0 0 0 0 5 0 0 0 0 0 1 0 0 5 5 4 0 7 0 0 0 0 0 0 0 3 0 0 6 0 0 0 0 0 0 6 0 0 0 0 0 0 0 0 0 0 0 1 0 0 0 2 0 6 0 0 0 0 0 0 0 15 0 0 0 0 0 0 0 0 0 6 0 0 0 0 0 0 0 0 0 5 0 8 0 0 0 0 0 0 0 0 0 0 0 0 0 4 10 0 0 0 0 0 11 0 0 12 3 0 0 0 0 0 0 0 0 0 0 1 11 0 0 0 10 0 0 0 0 0 0 0 5 0 2 1 0 0 0 4 4 0 4 0 0 7 0 2 0 0 0 5 5 0 0 0 0 0 10 0 0 0
0 0 0 0 0 0 0 0 0 0 0 0 0 0 0 0 0 0 0 0 0 0 0 0 0 0 0 0 0 0 0 0 0 0 0 0 0 0 0 0 0 0 0 0 0 0 0 0 0 0 0 0 0 0 0 0 0 0 0 0 0 0 0 0 0 0 0 0 0 0 0 0 0 0 0 0 0 0 0 0 0 0 0 0 0 0 0 0 0 0 0 0 0 0 0 0 0 0 0 0 0 0 0 0 0 0 0 0 0 0 0 0 0 0 0 0 0 0 0 0 0 0 0 0 0 0 0 0 0 0 0 0 0 0 0 0 0 0 0 0 0 0 0 0 0 0 0 0 0 0 0 0 0 0 0 0 0 0 0 0 0 0 0 0 0 0 0 0 0 0 0 0 0 0 0 0 0 0 0 0 0 0 0 0 0 0 0 0 0 0 0 0 0 0 0 0 0 0 0 0 0 0 0 0 0 0 0 0 0 0 0 0 0 0 0 0 0 0 0 0 0 0 0 0 0 0 0 0 0 0 0 0 0 0 0 0 0 0 0 0 0 0 0 0 0 0 0 0 0 0 0 0 0 0 0 0
0 0 0 8 0 0 7 0 0 0 5 0 0 1 9 0 13 0 0 0 0 0 0 0 0 0 0 2 5 0 0 7 0 1 0 0 2 0 0 0 0 4 0 0 0 0 0 1 0 0 0 0 8 0 1 0 0 0 0 0 0 12 0 0 4 4 2 0 14 0 1 0 0 0 2 0 3 0 0 7 0 0 0 0 0 0 8 0 13 0 0 0 1 1 0 0 0 5 0 0 0 0 0 0 1 0 0 10 0 0 0 5 6 0 0 0 0 0 0 0 4 0 3 0 0 0 0 0 0 0 0 7 6 0 0 0 0 0 0 0 0 7 0 0 12 5 0 3 0 0 0 0 0 0 1 9 0 0 0 0 0 0 0 0 0 0 0 0 0 0 0 0 0 0 0 10 0 6 0 4 0 0 0 0 4 0 0 0 0 0 0 0 3 4 0 0 0 0 0 0 0 6 0 0 0 0 0 0 0 0 0 0 0 0 0 1 0 0 0 0 1 0 0 3 0 0 0 0 6 4 0 7 6 0 10 0 0 0 0 8 7 10 0 0 0 0 5 0 5 0 4 10 7 0 0 0
0 0 0 17 0 0 7 0 0 0 8 0 0 6 19 0 17 0 0 0 0 0 8 0 0 0 0 11 10 0 0 7 0 0 0 0 2 0 0 0 0 6 0 0 0 0 0 0 0 0 0 0 13 0 10 0 0 0 0 0 8 15 0 0 3 0 3 0 26 0 1 5 3 0 0 0 4 0 0 8 0 0 0 0 0 0 6 0 24 0 0 0 0 3 0 0 0 15 0 0 0 0 0 0 0 0 2 16 0 0 0 7 17 0 0 0 0 0 0 5 11 0 5 0 0 0 0 0 0 0 0 15 12 0 0 0 0 0 0 0 0 16 0 0 19 7 0 2 0 0 0 0 0 0 0 5 0 0 0 0 0 0 0 0 0 0 0 0 0 0 0 0 0 0 0 12 0 9 2 8 0 0 0 0 11 0 0 0 0 4 0 0 4 8 4 0 0 0 0 0 0 2 0 0 0 0 0 0 5 0 0 0 0 0 0 10 0 0 0 0 5 0 0 13 0 0 0 0 10 2 0 13 13 0 15 0 0 0 0 11 10 17 0 0 4 4 10 0 12 0 5 16 12 0 0 0
0 0 0 14 0 0 7 0 0 0 8 0 0 4 17 0 16 0 0 0 0 0 6 0 0 0 0 8 9 0 0 7 0 0 0 0 3 0 0 0 0 6 0 0 0 0 0 1 0 0 0 0 12 0 7 0 0 0 0 0 6 15 0 0 4 0 4 0 23 0 1 4 1 0 0 0 4 0 0 7 0 0 0 0 0 0 7 0 21 0 0 0 0 2 0 0 0 12 0 0 0 0 0 0 0 0 2 14 0 0 0 6 14 0 0 0 0 0 0 2 10 0 4 0 0 0 0 0 0 0 0 14 10 0 0 0 0 0 0 0 0 13 0 0 17 7 0 2 0 0 0 0 0 0 0 8 0 0 0 0 0 0 0 0 0 0 0 0 0 0 0 0 0 0 0 13 0 9 1 7 0 0 0 0 9 0 0 0 0 1 0 0 5 6 2 0 0 0 0 0 0 4 0 0 0 0 0 0 3 0 0 0 0 0 0 8 0 0 0 0 4 0 0 10 0 0 0 0 8 4 0 12 13 0 15 0 0 0 0 10 11 15 0 0 2 1 9 0 11 0 6 15 9 0 0 0
0 0 0 1 0 2 6 0 0 0 0 0 0 0 3 0 5 0 0 0 0 0 0 0 0 0 0 0 1 0 0 7 0 8 1 0 0 0 0 0 0 0 0 0 0 5 0 4 0 0 0 0 5 0 0 0 0 0 0 0 0 5 0 0 11 11 0 5 3 2 0 0 0 3 4 0 1 0 0 2 0 0 0 0 0 0 16 0 3 0 0 3 4 0 0 0 0 0 3 0 0 0 0 0 1 0 0 6 5 2 0 6 0 0 0 0 0 0 0 2 0 0 5 0 0 0 0 0 0 4 0 0 0 0 0 0 0 0 0 0 0 2 0 0 2 3 0 6 0 0 0 0 0 0 0 14 0 0 0 0 0 0 0 0 0 5 0 0 0 0 0 0 0 0 0 6 0 8 0 0 0 0 0 0 0 0 0 0 0 0 0 4 8 1 0 0 0 0 9 0 0 12 1 0 0 0 0 0 0 0 0 0 0 0 9 0 0 0 8 0 0 0 0 0 0 0 4 0 3 2 0 0 0 3 5 0 3 0 0 7 1 4 0 0 0 4 5 0 0 0 0 2 10 0 0 0
0 0 0 4 0 0 3 0 0 0 2 0 0 1 9 0 5 0 0 0 0 0 0 0 0 0 0 0 3 0 0 5 0 2 0 0 0 0 0 0 0 3 0 0 0 1 0 3 0 0 0 0 5 0 0 0 0 0 0 0 2 4 0 0 6 5 0 2 5 0 0 0 0 2 4 0 3 0 0 2 0 0 0 0 0 0 9 0 5 0 0 0 1 0 0 0 0 1 2 0 0 0 0 0 0 0 0 5 1 0 0 5 3 0 0 0 0 0 3 2 0 0 2 0 0 0 0 0 0 0 0 2 1 0 0 0 0 0 0 0 1 3 0 0 3 4 0 3 0 0 0 0 0 0 0 8 0 0 0 0 0 0 0 0 0 3 0 0 0 0 0 0 0 0 0 5 0 6 0 2 0 0 0 0 0 0 0 0 0 0 0 2 7 2 0 0 0 0 4 0 0 7 0 0 0 0 0 0 0 0 0 0 0 1 3 1 0 0 6 0 1 0 0 0 0 0 0 0 3 0 0 2 4 0 6 0 0 0 0 6 5 6 0 0 0 3 5 0 1 0 1 5 6 0 0 0
0 0 0 7 0 0 6 0 0 0 3 0 0 1 5 0 10 0 0 0 0 0 1 0 0 0 0 3 4 0 0 4 0 1 0 0 2 0 0 0 0 1 0 0 0 0 0 1 0 0 0 0 7 0 0 1 0 0 0 0 0 10 0 0 4 3 2 2 12 0 0 0 0 0 0 0 1 0 0 4 0 0 0 0 0 0 6 0 12 0 0 0 1 0 0 0 0 2 0 0 0 0 0 0 1 1 0 8 0 0 0 4 4 0 0 0 0 0 0 0 3 0 4 0 0 0 0 0 0 0 0 6 5 0 0 0 0 0 0 0 0 6 0 0 9 4 0 3 1 0 0 0 0 0 0 8 0 0 0 0 0 0 0 0 0 0 0 0 0 0 0 0 0 0 0 8 0 5 2 2 0 0 0 0 3 0 0 0 0 0 0 0 2 3 0 0 0 0 0 0 0 5 0 0 0 0 0 0 2 0 0 0 0 0 0 0 0 0 0 0 0 0 0 3 0 0 0 0 4 3 0 6 5 0 8 0 0 0 0 6 4 9 0 0 0 0 4 0 4 0 3 6 7 0 0 0
0 1 0 0 0 3 5 0 0 0 0 2 0 0 1 0 4 0 0 0 0 0 0 0 0 0 0 0 0 0 0 7 0 8 1 0 0 0 0 0 0 0 0 0 0 5 0 4 0 0 0 0 5 0 0 0 0 0 0 0 0 4 0 0 13 12 0 5 1 2 0 0 0 4 3 0 0 0 0 1 0 0 0 0 0 0 16 0 1 0 0 4 4 0 0 0 0 0 4 0 0 0 0 0 1 0 0 5 5 4 0 7 0 0 0 0 0 0 0 3 0 0 6 0 0 0 0 0 0 6 0 0 0 0 0 0 0 0 0 0 0 2 0 0 1 2 0 6 0 0 0 0 0 0 0 15 0 0 0 0 0 0 0 0 0 5 0 0 0 0 0 0 0 0 0 5 0 8 0 0 0 0 0 0 0 0 0 0 0 0 0 3 9 0 0 0 0 0 11 0 0 12 2 0 0 0 0 0 0 0 0 0 0 1 10 0 0 0 10 0 0 0 0 0 0 0 4 0 2 1 0 0 0 4 4 0 4 0 0 7 0 3 0 0 0 5 5 0 0 0 0 1 11 0 0 0
0 1 0 0 0 4 5 0 0 0 0 3 0 0 1 0 3 0 0 0 0 0 0 0 0 0 0 0 0 0 0 6 0 8 1 0 0 0 0 0 0 0 0 0 0 5 0 3 0 0 0 0 3 0 0 0 0 0 0 0 0 3 0 0 11 11 0 4 0 1 0 0 0 4 4 0 0 0 0 2 0 0 0 0 0 0 15 0 0 0 0 4 4 1 0 0 0 0 4 0 0 0 0 0 1 0 0 4 5 4 0 6 0 0 0 0 0 0 0 3 0 0 5 0 0 0 0 0 0 5 0 0 0 0 0 0 0 0 0 0 0 0 0 0 0 1 0 5 0 0 0 0 0 0 0 13 0 0 0 0 0 0 0 0 0 5 0 0 0 0 0 0 0 0 0 4 0 7 0 0 0 0 0 0 0 0 0 0 0 0 0 3 9 0 0 0 0 0 10 0 0 10 3 0 0 0 0 0 0 0 0 0 0 0 10 0 0 0 10 0 0 0 0 0 0 0 5 0 2 1 0 0 0 4 2 0 4 0 0 6 0 1 0 0 0 5 4 0 0 0 0 0 8 0 0 0
0 0 0 6 0 0 1 0 0 0 3 0 0 3 9 0 6 0 0 0 0 0 4 0 1 0 0 4 4 0 0 2 0 0 0 0 0 0 0 0 0 3 0 0 0 0 0 0 0 0 0 0 4 0 6 0 1 0 2 0 5 4 0 0 1 0 1 0 9 0 0 3 1 0 0 1 2 0 1 3 0 2 0 0 0 0 2 0 8 0 0 0 0 1 0 0 0 8 1 0 0 0 0 0 0 0 2 5 0 0 0 2 8 0 0 0 0 0 0 3 4 0 1 0 0 0 0 0 0 0 0 5 5 1 0 0 0 0 0 0 0 6 0 0 6 3 0 1 0 0 0 0 0 2 0 0 0 0 0 0 0 0 0 0 0 0 0 0 1 0 0 0 0 0 0 4 0 4 1 3 0 0 0 0 4 0 0 0 0 3 0 0 2 3 4 0 0 0 0 0 0 0 0 0 0 0 0 0 1 2 2 0 0 0 0 6 0 0 0 0 3 0 0 6 0 0 0 0 4 0 0 5 5 0 5 0 0 0 0 4 4 5 0 0 3 2 4 0 5 0 2 7 4 0 0 0
0 1 0 0 0 8 3 4 0 0 0 7 0 0 3 5 0 1 0 7 0 0 0 0 0 0 0 0 0 5 0 6 0 8 0 0 0 0 0 1 0 1 1 0 0 4 0 2 0 3 1 0 0 0 0 0 0 0 0 0 0 0 4 5 7 10 0 4 0 0 0 0 0 4 6 0 3 0 0 3 0 0 2 0 0 0 14 0 0 0 0 3 3 0 0 0 0 0 5 0 0 0 0 0 1 0 0 1 6 3 0 3 0 0 0 3 0 0 2 0 0 0 0 0 0 0 0 2 0 3 0 0 0 0 0 1 0 0 0 0 1 0 0 0 0 2 5 5 0 0 0 1 0 0 0 10 5 0 0 0 0 1 2 0 0 7 1 0 0 0 0 0 5 0 0 1 0 6 0 0 0 0 0 0 0 0 0 0 3 0 0 4 9 0 0 0 0 0 9 0 0 9 6 2 0 0 0 0 0 0 0 0 0 1 12 0 0 0 12 0 0 0 0 0 0 0 8 0 2 0 0 0 0 4 0 4 3 0 0 5 0 0 0 0 0 4 3 0 0 0 0 0 4 0 0 0
0 0 0 7 0 0 4 0 0 0 4 0 0 2 7 0 9 0 0 0 0 0 3 0 0 0 0 4 4 0 0 4 0 0 0 0 2 0 0 0 0 2 0 0 0 0 0 1 0 0 0 0 6 0 3 0 0 0 0 0 1 8 0 0 3 1 2 0 12 0 0 1 1 0 0 0 2 0 0 4 0 0 0 0 0 0 4 0 11 0 0 0 0 1 0 0 0 5 0 0 0 0 0 0 0 0 0 8 0 0 0 3 6 0 0 0 0 0 0 1 4 0 3 0 0 0 0 0 0 0 0 7 5 0 0 0 0 0 0 0 0 7 0 0 9 4 0 2 0 0 0 0 0 0 0 5 0 0 0 0 0 0 0 0 0 0 0 0 0 0 0 0 0 0 0 7 0 4 1 3 0 0 0 0 4 0 0 0 0 0 0 0 2 3 0 0 0 0 0 0 0 3 0 0 0 0 0 0 2 0 0 0 0 0 0 2 0 0 0 0 1 0 0 4 0 0 0 0 4 2 0 6 5 0 7 0 0 0 0 5 5 8 0 0 0 0 4 0 5 0 3 7 6 0 0 0
0 0 0 6 1 0 2 0 0 0 4 0 0 3 10 0 7 0 0 0 0 0 4 0 1 0 0 3 4 0 0 5 0 0 0 0 2 0 0 0 0 4 0 0 0 0 0 1 0 0 0 0 5 0 5 0 1 0 0 0 4 5 0 0 3 0 1 0 10 0 0 3 1 0 1 0 2 0 0 3 0 0 0 0 0 0 4 0 9 0 0 0 0 1 0 0 0 7 1 0 0 0 0 0 0 0 1 6 0 0 0 4 7 0 0 0 0 0 0 3 3 0 0 0 0 0 0 0 0 0 0 6 4 0 0 0 0 0 0 0 0 6 0 0 7 3 0 1 0 0 0 0 0 0 0 2 0 0 0 0 0 0 0 0 0 0 0 0 0 0 0 0 0 0 0 5 0 4 1 3 0 0 0 0 4 0 0 1 0 1 0 2 4 3 2 0 0 0 0 0 0 2 0 0 0 0 0 0 1 1 0 0 0 0 0 5 0 0 0 0 3 0 0 4 0 0 0 0 4 2 0 6 6 0 6 0 0 0 0 4 5 6 0 0 3 1 5 0 5 0 3 8 3 0 0 0
0 2 0 0 0 3 4 0 0 0 0 3 0 0 2 0 1 0 0 2 0 0 0 0 0 0 0 0 0 0 0 5 0 6 0 0 0 0 0 0 0 0 0 0 0 2 0 2 0 0 0 0 2 0 0 0 0 0 0 0 0 3 0 2 7 9 0 4 0 0 0 0 0 3 3 0 2 0 0 2 0 0 0 0 0 0 11 0 0 0 0 2 4 0 0 0 0 0 3 0 0 0 0 0 1 0 0 2 4 2 0 4 0 0 0 0 0 0 2 1 0 0 3 0 0 0 0 0 0 3 0 0 0 0 0 0 0 0 0 0 0 0 0 0 0 2 0 4 0 0 0 0 0 0 0 11 0 0 0 0 0 0 0 0 0 4 0 0 0 0 0 0 1 0 0 3 0 6 0 0 0 0 0 0 0 0 0 0 0 0 0 2 7 0 0 0 0 0 8 0 0 8 2 0 0 0 0 0 0 0 0 0 0 2 8 0 0 0 9 0 0 0 0 0 0 0 4 0 1 0 0 0 0 1 2 0 2 0 0 5 1 0 0 0 0 3 3 0 0 0 1 1 6 0 0 0
0 0 0 5 0 0 7 0 0 0 3 0 0 0 4 0 9 0 0 0 0 0 0 0 0 0 0 1 3 0 0 4 0 4 0 0 1 0 0 0 0 1 0 0 0 1 0 1 0 0 0 0 6 0 0 0 0 0 0 0 0 9 0 0 5 6 1 3 9 0 1 0 0 0 2 0 2 0 0 5 0 0 0 0 0 0 8 0 9 0 0 0 2 0 0 0 0 0 0 0 0 0 0 0 2 1 0 8 2 0 0 3 2 0 0 0 0 0 0 0 1 0 4 0 0 0 0 0 0 0 0 4 4 0 0 0 0 0 0 0 0 4 0 0 8 4 0 3 0 0 0 0 0 0 0 9 0 0 0 0 0 0 0 0 0 0 0 0 0 0 0 0 0 0 0 7 0 6 0 3 0 0 0 0 1 0 0 0 0 0 0 0 2 2 0 0 0 0 2 0 0 6 0 0 0 0 0 0 1 0 0 0 0 0 1 0 0 0 1 0 0 0 0 1 0 0 0 0 4 2 0 3 3 0 8 0 0 0 0 7 3 8 0 0 0 0 4 0 2 0 2 5 8 0 0 0
0 1 0 2 0 1 6 0 0 0 0 0 0 0 3 0 6 0 0 0 0 0 0 0 0 0 0 0 1 0 0 7 0 7 1 0 0 0 0 0 0 0 0 0 0 4 0 4 0 0 0 0 5 0 0 0 0 0 0 0 0 5 0 0 11 10 0 4 3 2 0 0 0 3 4 0 1 0 0 2 0 0 0 0 0 0 15 0 4 0 0 3 4 0 0 0 0 0 3 0 0 0 0 0 1 0 0 5 4 2 0 6 0 0 0 0 0 0 0 2 0 0 5 0 0 0 0 0 0 4 0 0 0 0 0 0 0 0 0 0 0 2 0 0 2 3 0 6 0 0 0 0 0 0 0 14 0 0 0 0 0 0 0 0 0 5 0 0 0 0 0 0 0 0 0 6 0 7 1 0 0 0 0 0 0 0 0 0 0 0 0 4 8 0 0 0 0 0 8 0 0 12 1 0 0 0 0 0 0 0 0 0 0 0 8 0 0 0 7 0 0 0 0 0 0 0 3 0 3 3 0 0 0 3 5 0 3 0 0 7 1 4 0 0 0 3 4 0 0 0 1 2 9 0 0 0
0 0 0 6 0 0 6 0 0 0 2 0 0 0 4 0 8 0 0 0 0 0 0 0 0 0 0 2 3 0 0 6 0 4 0 0 2 0 0 0 0 0 0 0 0 2 0 2 0 0 0 0 7 0 0 0 0 0 0 0 0 9 0 0 8 6 1 2 9 0 0 0 0 1 1 0 1 0 0 3 0 0 0 0 0 0 10 0 9 0 0 0 3 1 0 0 0 0 0 0 0 0 0 0 1 0 0 8 1 0 0 6 3 0 0 0 0 0 0 2 0 0 6 0 0 0 0 0 0 1 0 4 3 0 0 0 0 0 0 0 0 6 0 0 8 3 0 4 0 0 0 0 0 0 0 11 0 0 0 0 0 0 0 0 0 1 0 0 0 0 0 0 0 0 0 8 0 7 1 2 0 0 0 0 1 0 0 0 0 0 0 1 5 2 0 0 0 0 4 0 0 8 0 0 0 0 0 0 2 0 0 0 0 0 2 0 0 0 3 0 0 0 0 0 0 0 0 0 4 3 0 4 3 0 8 0 0 0 0 7 3 8 0 0 0 2 5 0 3 0 3 5 9 0 0 0
0 0 0 12 0 0 7 0 0 0 6 0 0 3 13 0 13 0 0 0 0 0 2 0 0 0 0 6 7 0 0 6 0 0 0 0 2 0 0 0 0 4 0 0 0 0 0 2 0 0 0 0 10 0 3 0 0 0 0 0 4 13 0 0 5 2 3 0 18 0 0 1 1 0 0 0 3 0 0 6 0 0 0 0 0 0 8 0 17 0 0 0 0 1 0 0 0 7 0 0 0 0 0 0 0 0 0 12 0 0 0 6 10 0 0 0 0 0 1 2 6 0 5 0 0 0 0 0 0 0 0 10 8 0 0 0 0 0 0 0 0 10 0 0 13 6 0 3 0 0 0 0 0 0 0 9 0 0 0 0 0 0 0 0 0 0 0 0 0 0 0 0 0 0 0 10 0 8 1 5 0 0 0 0 6 0 0 0 0 0 0 0 5 5 0 0 0 0 0 0 0 6 0 0 0 0 0 0 3 0 0 0 0 0 0 4 0 0 0 0 2 0 0 7 0 0 0 0 6 3 0 9 9 0 12 0 0 0 0 9 8 13 0 0 0 2 7 0 8 0 4 11 10 0 0 0
0 2 0 0 0 6 4 0 0 0 0 4 0 0 0 0 2 0 0 1 0 0 0 0 0 0 0 0 0 0 0 6 0 9 1 0 0 0 0 0 0 0 0 0 0 5 0 3 0 0 0 0 2 0 0 0 0 0 0 0 0 2 0 0 11 11 0 4 0 1 0 0 0 4 5 0 0 0 0 2 0 0 0 0 0 0 16 0 0 0 0 5 4 1 0 0 0 0 5 0 0 0 0 0 1 0 0 3 5 4 0 5 0 0 0 0 0 0 0 2 0 0 4 0 0 0 0 0 0 6 0 0 0 0 0 0 0 0 0 0 0 0 0 0 0 1 0 5 0 0 0 0 0 0 0 13 1 0 0 0 0 0 0 0 0 6 0 0 0 0 0 0 0 0 0 4 0 7 0 0 0 0 0 0 0 0 0 0 0 0 0 4 9 0 0 0 0 0 10 0 0 10 4 0 0 0 0 0 0 0 0 0 0 0 12 0 1 0 11 0 0 0 0 0 0 0 6 0 2 0 0 0 0 5 1 0 4 0 0 6 0 0 0 0 0 5 4 0 0 0 0 0 8 0 0 0
0 0 0 8 0 0 6 0 0 0 4 0 0 1 9 0 11 0 0 0 0 0 0 0 0 0 0 2 5 0 0 7 0 1 0 0 2 0 0 0 0 3 0 0 0 1 0 2 0 0 0 0 8 0 0 0 0 0 0 0 0 10 0 0 6 4 2 1 13 0 0 0 0 0 2 0 2 0 0 5 0 0 0 0 0 0 9 0 13 0 0 0 1 0 0 0 0 3 0 0 0 0 0 0 1 0 0 9 0 0 0 5 5 0 0 0 0 0 0 1 3 0 4 0 0 0 0 0 0 0 0 7 5 0 0 0 0 0 0 0 0 7 0 0 10 5 0 4 0 0 0 0 0 0 0 10 0 0 0 0 0 0 0 0 0 1 0 0 0 0 0 0 0 0 0 9 0 6 1 3 0 0 0 0 3 0 0 0 0 0 0 1 4 4 0 0 0 0 1 0 0 7 0 0 0 0 0 0 1 0 0 0 0 0 0 1 0 0 1 0 0 0 0 2 0 0 0 0 5 4 0 7 6 0 10 0 0 0 0 7 6 10 0 0 0 0 5 0 4 0 3 8 8 0 0 0
0 0 0 14 0 0 6 0 0 0 8 0 0 4 17 0 16 0 0 0 0 0 6 0 0 0 0 8 9 0 0 7 0 0 0 0 3 0 0 0 0 6 0 0 0 0 0 1 0 0 0 0 12 0 7 0 0 0 0 0 6 15 0 0 4 0 4 0 22 0 0 4 1 0 1 0 4 0 0 7 0 0 0 0 0 0 7 0 21 0 0 0 0 1 0 0 0 12 0 0 0 0 0 0 0 0 2 14 0 0 0 7 13 0 0 0 0 0 1 1 9 0 3 0 0 0 0 0 0 0 0 13 10 0 0 0 0 0 0 0 0 13 0 0 17 7 0 2 0 0 0 0 0 0 0 8 0 0 0 0 0 0 0 0 0 0 0 0 0 0 0 0 0 0 0 13 0 8 1 6 0 0 0 0 8 0 0 1 0 1 0 0 5 6 1 0 0 0 0 0 0 4 0 0 0 0 0 0 2 0 0 0 0 0 0 7 0 0 0 0 4 0 0 9 0 0 0 0 8 4 0 12 13 0 15 0 0 0 0 9 11 16 0 0 1 0 9 0 11 0 6 15 8 0 0 0
0 0 0 12 0 0 7 0 0 0 6 0 0 3 12 0 14 0 0 0 0 0 3 0 0 0 0 6 8 0 0 6 0 0 0 0 3 0 0 0 0 5 0 0 0 0 0 1 0 0 0 0 11 0 4 0 0 0 0 0 4 14 0 0 3 1 4 0 19 0 1 2 0 0 0 0 3 0 0 6 0 0 0 0 0 0 7 0 18 0 0 0 1 1 0 0 0 8 0 0 0 0 0 0 0 0 1 12 0 0 0 5 10 0 0 0 0 0 0 0 8 0 4 0 0 0 0 0 0 0 0 11 8 0 0 0 0 0 0 0 0 11 0 0 15 6 0 2 0 0 0 0 0 0 0 9 0 0 0 0 0 0 0 0 0 0 0 0 0 0 0 0 0 0 0 11 0 7 0 5 0 0 0 0 6 0 0 0 0 0 0 0 3 4 0 0 0 0 0 0 0 5 0 0 0 0 0 0 2 0 0 0 0 0 0 4 0 0 0 0 2 0 0 7 0 0 0 0 6 4 0 10 10 0 13 0 0 0 0 9 9 14 0 0 0 0 7 0 9 0 5 12 8 0 0 0
0 2 0 0 0 6 5 0 0 0 0 4 0 0 0 0 1 0 0 0 0 0 0 0 0 0 0 0 0 0 0 6 0 10 1 0 0 0 0 0 0 0 0 0 0 6 0 3 0 0 0 0 3 0 0 0 0 0 0 0 0 2 0 0 12 13 0 5 0 2 0 0 0 5 4 0 0 0 0 1 0 0 0 0 0 0 17 0 0 0 0 5 5 1 0 0 0 0 5 0 0 0 0 0 1 0 0 3 6 5 0 6 0 0 0 0 0 0 0 3 0 0 5 0 0 0 0 0 0 6 0 0 0 0 0 0 0 0 0 0 0 0 0 0 0 1 0 6 0 0 0 0 0 0 0 15 0 0 0 0 0 0 0 0 0 6 0 0 0 0 0 0 0 0 0 4 0 8 0 0 0 0 0 0 0 0 0 0 0 0 0 3 10 0 0 0 0 0 12 0 0 11 5 0 0 0 0 0 0 0 0 0 0 1 13 0 1 0 12 0 0 0 0 0 0 0 6 0 1 0 0 0 0 5 2 0 5 0 0 7 0 0 0 0 0 6 4 0 0 0 0 0 10 0 0 0
0 2 0 0 0 2 6 0 0 0 0 2 0 0 2 0 4 0 0 0 0 0 0 0 0 0 0 0 1 0 0 6 0 8 0 0 0 0 0 0 0 0 0 0 0 3 0 3 0 0 0 0 5 0 0 0 0 0 0 0 0 6 0 0 11 12 0 5 1 1 0 0 0 4 2 0 1 0 0 2 0 0 0 0 0 0 15 0 3 0 0 3 5 0 0 0 0 0 3 0 0 0 0 0 1 0 0 6 4 4 0 7 0 0 0 0 0 0 1 3 0 0 7 0 0 0 0 0 0 4 0 0 0 0 0 0 0 0 0 0 0 2 0 0 1 3 0 5 0 0 0 0 0 0 0 16 0 0 0 0 0 0 0 0 0 5 0 0 0 0 0 0 0 0 0 5 0 8 0 0 0 0 0 0 0 0 0 0 0 0 0 2 9 0 0 0 0 0 11 0 0 11 1 0 0 0 0 0 1 0 0 0 0 2 9 0 0 0 11 0 0 0 0 0 0 0 3 0 2 1 0 0 0 2 5 0 3 0 0 7 0 3 0 0 0 5 5 0 0 0 2 1 11 0 0 0
0 2 0 0 0 4 5 0 0 0 0 3 0 0 3 0 3 0 0 0 0 0 0 0 0 0 0 0 1 0 0 6 0 8 1 0 0 0 0 0 0 0 0 0 0 5 0 4 0 0 0 0 4 0 0 0 0 0 0 0 0 3 0 0 11 11 0 5 0 1 0 0 0 4 5 0 1 0 0 2 0 0 0 0 0 0 16 0 0 0 0 4 4 0 0 0 0 0 4 0 0 0 0 0 0 0 0 3 5 2 0 5 0 0 0 0 0 0 1 2 0 0 4 0 0 0 0 0 0 5 0 0 0 0 0 0 0 0 0 0 0 0 0 0 0 3 0 6 0 0 0 0 0 0 0 14 0 0 0 0 0 0 0 0 0 6 0 0 0 0 0 0 0 0 0 5 0 7 0 0 0 0 0 0 0 0 0 0 0 0 0 4 10 0 0 0 0 0 10 0 0 11 3 0 0 0 0 0 0 0 0 0 0 1 11 0 0 0 10 0 0 0 0 0 0 0 5 0 2 2 0 0 0 3 3 0 4 0 0 6 0 2 0 0 0 4 4 0 0 0 0 1 8 0 0 0
0 0 0 7 0 0 7 0 0 0 3 0 0 1 6 0 10 0 0 0 0 0 0 0 0 0 0 4 5 0 0 5 0 2 0 0 2 0 0 0 0 1 0 0 0 0 0 1 0 0 0 0 8 0 0 0 0 0 0 0 0 11 0 0 6 5 2 2 12 0 1 0 0 0 0 0 1 0 0 4 0 0 0 0 0 0 8 0 12 0 0 0 2 0 0 0 0 1 0 0 0 0 0 0 1 0 0 9 0 0 0 5 5 0 0 0 0 0 0 0 3 0 5 0 0 0 0 0 0 0 0 7 5 0 0 0 0 0 0 0 0 7 0 0 10 4 0 3 0 0 0 0 0 0 0 10 0 0 0 0 0 0 0 0 0 0 0 0 0 0 0 0 0 0 0 9 0 6 1 3 0 0 0 0 3 0 0 0 0 0 0 0 4 2 0 0 0 0 2 0 0 6 0 0 0 0 0 0 2 0 0 0 0 0 0 0 0 0 1 0 0 0 0 2 0 0 0 0 4 4 0 6 5 0 9 0 0 0 0 7 4 9 0 0 0 0 5 0 5 0 4 7 9 0 0 0
0 0 0 7 0 0 1 0 0 0 4 0 0 3 11 0 6 0 0 0 0 0 5 1 1 0 0 4 4 0 0 3 0 0 0 0 0 0 0 0 0 3 0 0 0 0 0 0 0 0 0 0 5 0 8 0 3 0 3 0 5 4 0 0 1 0 0 0 11 0 0 3 2 0 0 2 2 0 1 4 0 3 0 0 0 0 3 0 9 0 0 0 0 2 0 1 0 9 2 0 0 0 0 0 0 0 2 6 0 0 0 3 9 0 0 0 0 0 0 4 4 0 0 0 0 0 0 0 0 0 0 6 5 1 0 0 0 0 0 0 0 7 0 0 7 3 0 1 0 0 0 0 0 3 0 0 0 0 0 0 0 0 0 0 1 0 0 0 1 0 0 0 0 0 0 4 0 4 1 4 0 0 0 0 5 0 0 0 0 4 0 1 3 4 5 0 0 0 0 0 0 0 0 0 0 0 0 0 1 2 2 0 0 0 0 6 0 0 0 0 4 0 0 7 0 0 0 0 5 0 1 5 6 0 5 0 0 0 0 4 4 6 0 0 5 3 5 0 5 0 2 8 4 0 0 0
0 0 0 9 0 0 8 0 0 0 5 0 0 2 9 0 12 0 0 0 0 0 0 0 0 0 0 4 7 0 0 5 0 1 0 0 3 0 0 0 0 3 0 0 0 0 0 1 0 0 0 0 9 0 1 0 0 0 0 0 2 13 0 0 4 4 4 1 16 0 1 0 0 0 1 0 3 0 0 6 0 0 0 0 0 0 7 0 15 0 0 0 2 0 0 0 0 5 0 0 0 0 0 0 1 0 0 10 0 0 0 4 7 0 0 0 0 0 0 0 5 0 5 0 0 0 0 0 0 0 0 9 7 0 0 0 0 0 0 0 0 8 0 0 12 6 0 2 0 0 0 0 0 0 0 9 0 0 0 0 0 0 0 0 0 0 0 0 0 0 0 0 0 0 0 10 0 7 0 4 0 0 0 0 4 0 0 0 0 0 0 0 3 3 0 0 0 0 0 0 0 6 0 0 0 0 0 0 2 0 0 0 0 0 0 2 0 0 0 0 0 0 0 5 0 0 0 0 5 4 0 7 7 0 12 0 0 0 0 8 7 12 0 0 0 0 6 0 7 0 5 9 8 0 0 0
0 2 0 0 0 7 5 0 0 0 0 5 0 0 0 0 0 0 0 0 0 0 0 0 0 0 0 0 0 0 0 6 0 10 1 0 0 0 0 0 0 0 0 0 0 6 0 3 0 0 0 0 3 0 0 0 0 0 0 0 0 2 0 0 13 13 0 5 0 2 0 0 0 5 4 0 0 0 0 0 0 0 0 0 0 0 18 0 0 0 0 5 5 1 0 0 0 0 6 0 0 0 0 0 1 0 0 4 5 6 0 7 0 0 0 0 0 0 0 4 0 0 6 0 0 0 0 0 0 7 0 0 0 0 0 0 0 0 0 0 0 0 0 0 0 0 0 6 0 0 0 0 0 0 0 16 0 0 0 0 0 0 0 0 0 6 0 0 0 0 0 0 0 0 0 4 0 9 0 0 0 0 0 0 0 0 0 0 0 0 0 3 11 0 0 0 0 0 13 0 0 11 5 0 0 0 0 0 0 0 0 0 0 2 13 0 0 0 13 0 0 0 0 0 0 0 6 0 1 0 0 0 0 5 1 0 5 0 0 7 0 0 0 0 0 7 5 0 0 0 0 0 10 0 0 0
0 0 0 15 0 0 9 0 0 0 7 0 0 6 16 0 16 0 0 0 0 0 6 0 0 0 0 11 11 0 0 3 0 0 0 0 0 0 0 0 0 4 0 0 0 0 0 0 1 0 0 0 11 0 12 0 0 0 0 0 7 14 0 0 1 0 3 1 25 1 4 2 4 0 0 0 5 0 0 12 0 3 0 0 0 0 4 0 22 0 0 0 0 3 0 0 0 15 0 0 0 0 0 0 0 3 2 17 0 0 0 3 16 0 0 0 0 0 0 3 12 0 7 0 0 0 0 0 0 0 0 14 14 0 0 0 0 0 0 0 0 14 0 0 19 8 0 3 0 0 0 0 0 1 0 4 0 0 0 0 0 0 0 0 0 0 0 0 0 0 0 0 0 0 0 11 0 9 2 9 0 0 0 0 11 0 0 0 0 5 0 0 0 7 7 0 0 0 0 0 0 1 0 0 0 0 0 0 5 0 0 0 0 0 0 9 0 0 0 0 5 0 0 16 0 0 0 0 10 0 0 10 9 0 14 0 0 0 0 13 7 16 0 0 3 3 10 0 10 0 4 15 16 0 0 2
0 1 0 1 0 2 5 0 0 0 0 1 0 0 1 0 4 0 0 0 0 0 0 0 0 0 0 0 1 0 0 6 0 7 1 0 0 0 0 0 0 0 0 0 0 4 0 3 0 0 0 0 5 0 0 0 0 0 0 0 0 5 0 0 12 10 0 4 2 2 0 0 0 3 3 0 0 0 0 1 0 0 0 0 0 0 15 0 2 0 0 3 4 1 0 0 0 0 4 0 0 0 0 0 1 0 0 6 4 4 0 7 0 0 0 0 0 0 0 4 0 0 6 0 0 0 0 0 0 5 0 0 0 0 0 0 0 0 0 0 0 2 0 0 2 2 0 5 0 0 0 0 0 0 0 14 0 0 0 0 0 0 0 0 0 5 0 0 0 0 0 0 0 0 0 5 0 8 0 0 0 0 0 0 0 0 0 0 0 0 0 2 8 0 0 0 0 0 10 0 0 10 1 0 0 0 0 0 1 0 0 0 0 0 9 0 0 0 9 0 0 0 0 0 0 0 3 0 3 1 0 0 0 4 4 0 3 0 0 7 0 4 0 0 0 5 5 0 0 0 1 1 11 0 0 0
0 0 0 9 0 0 7 0 0 0 4 0 0 1 8 0 12 0 0 0 0 0 0 0 0 0 0 4 6 0 0 5 0 1 0 0 2 0 0 0 0 3 0 0 0 0 0 2 0 0 0 0 9 0 0 0 0 0 0 0 1 12 0 0 5 4 2 1 14 0 0 0 0 0 1 0 3 0 0 5 0 0 0 0 0 0 8 0 14 0 0 0 1 0 0 0 0 4 0 0 0 0 0 0 1 0 0 10 0 0 0 5 6 0 0 0 0 0 0 0 4 0 5 0 0 0 0 0 0 0 0 8 6 0 0 0 0 0 0 0 0 8 0 0 11 5 0 3 0 0 0 0 0 0 0 9 0 0 0 0 0 0 0 0 0 0 0 0 0 0 0 0 0 0 0 9 0 7 1 4 0 0 0 0 4 0 0 0 0 0 0 0 3 3 0 0 0 0 0 0 0 6 0 0 0 0 0 0 2 0 0 0 0 0 0 1 0 0 0 0 0 0 0 4 0 0 0 0 5 3 0 7 7 0 11 0 0 0 0 8 6 11 0 0 0 0 5 0 5 0 3 8 8 0 0 0
0 2 0 0 0 4 5 0 0 0 0 3 0 0 1 0 2 0 0 0 0 0 0 0 0 0 0 0 0 0 0 6 0 9 1 0 0 0 0 0 0 0 0 0 0 5 0 3 0 0 0 0 4 0 0 0 0 0 0 0 0 3 0 0 12 11 0 5 0 1 0 0 0 4 3 0 0 0 0 1 0 0 0 0 0 0 16 0 0 0 0 4 5 1 0 0 0 0 4 0 0 0 0 0 0 0 0 4 5 4 0 6 0 0 0 0 0 0 0 3 0 0 5 0 0 0 0 0 0 6 0 0 0 0 0 0 0 0 0 0 0 1 0 0 0 1 0 5 0 0 0 0 0 0 0 14 0 0 0 0 0 0 0 0 0 5 0 0 0 0 0 0 0 0 0 4 0 8 0 0 0 0 0 0 0 0 0 0 0 0 0 3 10 0 0 0 0 0 11 0 0 11 3 0 0 0 0 0 0 0 0 0 0 1 11 0 0 0 11 0 0 0 0 0 0 0 5 0 2 1 0 0 0 4 3 0 4 0 0 6 0 1 0 0 0 5 4 0 0 0 0 0 9 0 0 0
0 0 0 11 0 0 7 0 0 0 5 0 0 3 9 0 14 0 0 0 0 0 5 0 0 0 0 5 6 0 0 6 0 0 0 0 1 0 0 0 0 3 0 0 0 0 0 1 0 0 0 0 9 0 4 0 0 0 0 0 1 11 0 0 5 1 2 0 18 0 0 1 1 0 0 0 2 0 0 6 0 0 0 0 0 0 7 0 16 0 0 0 0 1 0 0 0 7 0 0 0 0 0 0 1 0 0 12 0 0 0 5 9 0 0 0 0 0 0 1 6 0 4 0 0 0 0 0 0 0 0 10 9 0 0 0 0 0 0 0 0 10 0 0 14 5 0 3 1 0 0 0 0 0 0 6 0 0 0 0 0 0 0 0 0 0 0 0 0 0 0 1 0 0 0 10 0 6 3 4 0 0 0 0 7 0 0 0 0 0 0 0 1 6 1 0 0 0 0 0 0 4 0 0 0 0 0 0 2 0 0 0 0 0 0 3 0 0 0 0 0 0 0 6 0 0 0 0 7 3 0 9 8 0 10 0 0 0 0 8 5 12 0 0 0 1 5 0 6 0 3 10 9 0 0 1
0 0 0 0 0 0 0 0 0 0 0 0 0 0 0 0 0 0 0 0 0 0 0 0 0 0 0 0 0 0 0 0 0 0 0 0 0 0 0 0 0 0 0 0 0 0 0 0 0 0 0 0 0 0 0 0 0 0 0 0 0 0 0 0 0 0 0 0 0 0 0 0 0 0 0 0 0 0 0 0 0 0 0 0 0 0 0 0 0 0 0 0 0 0 0 0 0 0 0 0 0 0 0 0 0 0 0 0 0 0 0 0 0 0 0 0 0 0 0 0 0 0 0 0 0 0 0 0 0 0 0 0 0 0 0 0 0 0 0 0 0 0 0 0 0 0 0 0 0 0 0 0 0 0 0 0 0 0 0 0 0 0 0 0 0 0 0 0 0 0 0 0 0 0 0 0 0 0 0 0 0 0 0 0 0 0 0 0 0 0 0 0 0 0 0 0 0 0 0 0 0 0 0 0 0 0 0 0 0 0 0 0 0 0 0 0 0 0 0 0 0 0 0 0 0 0 0 0 0 0 0 0 0 0 0 0 0 0 0 0 0 0 0 0 0 0 0 0 0 0 0 0 0 0 0 0
0 0 0 13 0 0 7 0 0 0 7 0 0 4 14 0 14 0 0 0 0 0 5 0 0 0 0 9 8 0 0 6 0 0 0 0 2 0 0 0 0 4 0 0 0 0 0 1 0 0 0 0 11 0 7 0 0 0 0 0 4 13 0 0 4 0 3 0 21 0 1 2 3 0 0 0 4 0 0 8 0 0 0 0 0 0 6 0 20 0 0 0 0 2 0 0 0 10 0 0 0 0 0 0 0 0 0 14 0 0 0 6 12 0 0 0 0 0 0 4 7 0 6 0 0 0 0 0 0 0 0 12 10 0 0 0 0 0 0 0 0 13 0 0 15 6 0 3 0 0 0 0 0 0 0 6 0 0 0 0 0 0 0 0 0 0 0 0 0 0 0 0 0 0 0 10 0 8 2 6 0 0 0 0 9 0 0 0 0 2 0 0 3 6 3 0 0 0 0 0 0 4 0 0 0 0 0 0 5 0 0 0 0 0 0 7 0 0 0 0 3 0 0 10 0 0 0 0 8 3 0 11 9 0 12 0 0 0 0 10 7 13 0 0 3 3 8 0 9 0 4 13 13 0 0 0
0 0 0 3 0 0 6 0 0 0 1 0 0 0 4 0 7 0 0 0 0 0 0 0 0 0 0 0 2 0 0 6 0 6 0 0 0 0 0 0 0 0 0 0 0 3 0 3 0 0 0 0 6 0 0 0 0 0 0 0 0 7 0 0 9 9 0 4 5 0 0 0 0 2 3 0 1 0 0 3 0 0 0 0 0 0 13 0 5 0 0 2 3 0 0 0 0 0 2 0 0 0 0 0 1 0 0 7 3 1 0 5 0 0 0 0 0 0 0 1 0 0 5 0 0 0 0 0 0 2 0 1 0 0 0 0 0 0 0 0 0 3 0 0 4 3 0 5 0 0 0 0 0 0 0 12 0 0 0 0 0 0 0 0 0 3 0 0 0 0 0 0 0 0 0 6 0 7 0 1 0 0 0 0 0 0 0 0 0 0 0 2 7 1 0 0 0 0 6 0 0 9 0 0 0 0 0 0 0 0 0 0 0 0 6 0 0 0 6 0 0 0 0 0 0 0 2 0 4 2 0 1 1 2 6 0 1 0 0 7 2 5 0 0 0 2 4 0 0 0 1 3 9 0 0 0
0 0 0 17 0 0 6 0 0 0 9 0 0 6 20 0 17 0 0 0 0 0 9 0 0 0 0 11 10 0 0 7 0 0 0 0 2 0 0 0 0 7 0 0 0 0 0 0 0 0 0 0 13 0 11 0 0 0 1 0 8 15 0 0 4 0 4 0 27 0 0 5 4 0 0 0 5 0 0 8 0 0 0 0 0 0 6 0 25 0 0 0 0 3 0 0 0 16 0 0 0 0 0 0 0 0 3 17 0 0 0 7 17 0 0 0 0 0 0 5 11 0 5 0 0 0 0 0 0 0 0 16 13 0 0 0 0 0 0 0 0 16 0 0 19 7 0 2 0 0 0 0 0 0 0 5 0 0 0 0 0 0 0 0 0 0 0 0 0 0 0 0 0 0 0 13 0 10 2 8 0 0 0 0 12 0 0 0 0 4 0 0 4 8 5 0 0 0 0 0 0 3 0 0 0 0 0 0 5 0 0 0 0 0 0 11 0 0 0 0 6 0 0 14 0 0 0 0 10 2 0 14 13 0 15 0 0 0 0 11 10 17 0 0 5 4 10 0 12 0 6 17 12 0 0 0
0 0 0 9 0 0 8 0 0 0 5 0 0 2 10 0 12 0 0 0 0 0 1 0 0 0 0 5 7 0 0 5 0 0 0 0 2 0 0 0 0 4 0 0 0 0 0 1 0 0 0 0 10 0 1 0 0 0 0 0 2 13 0 0 4 3 4 1 16 0 1 0 0 0 1 0 3 0 0 6 0 0 0 0 0 0 7 0 15 0 0 0 2 1 0 0 0 5 0 0 0 0 0 0 1 0 0 11 0 0 0 4 7 0 0 0 0 0 1 0 6 0 5 0 0 0 0 0 0 0 0 9 7 0 0 0 0 0 0 0 0 9 0 0 13 6 0 2 0 0 0 0 0 0 0 9 0 0 0 0 0 0 0 0 0 0 0 0 0 0 0 0 0 0 0 10 0 7 0 5 0 0 0 0 5 0 0 0 0 0 0 0 3 3 0 0 0 0 0 0 0 5 0 0 0 0 0 0 2 0 0 0 0 0 0 2 0 0 0 0 1 0 0 5 0 0 0 0 5 3 0 7 8 0 12 0 0 0 0 9 8 12 0 0 0 0 6 0 7 0 5 10 8 0 0 0
0 0 0 14 0 0 7 0 0 0 7 0 0 3 13 0 15 0 0 0 0 0 5 0 0 0 0 9 9 0 0 5 0 0 0 0 2 0 0 0 0 5 0 0 0 0 0 0 0 0 0 0 11 0 6 0 0 0 0 0 5 15 0 0 2 0 4 0 22 0 1 3 1 0 0 0 4 0 0 7 0 0 0 0 0 0 5 0 20 0 0 0 0 2 0 0 0 10 0 0 0 0 0 0 0 0 2 15 0 0 0 5 13 0 0 0 0 0 0 1 10 0 5 0 0 0 0 0 0 0 0 13 10 0 0 0 0 0 0 0 0 13 0 0 17 6 0 2 0 0 0 0 0 0 1 7 0 0 0 0 0 0 0 0 0 0 0 0 0 0 0 0 0 0 0 12 0 8 1 7 0 0 0 0 9 0 0 0 0 1 0 0 2 6 1 0 0 0 0 0 0 3 0 0 0 0 0 0 3 0 0 0 0 0 0 7 0 0 0 0 3 0 0 10 0 0 0 0 8 2 0 11 11 0 14 0 0 0 0 10 9 16 0 0 0 1 8 0 10 0 5 13 10 0 0 0
0 0 0 8 0 0 7 0 0 0 4 0 0 2 8 0 12 0 0 0 0 0 1 0 0 0 0 3 6 0 0 6 0 1 0 0 3 0 0 0 0 3 0 0 0 0 0 2 0 0 0 0 9 0 1 0 0 0 0 0 0 12 0 0 5 4 3 1 14 0 0 0 0 0 1 0 2 0 0 6 0 0 0 0 0 0 8 0 14 0 0 0 2 0 0 0 0 4 0 0 0 0 0 0 1 0 0 10 0 0 0 4 6 0 0 0 0 0 0 0 4 0 4 0 0 0 0 0 0 0 0 8 6 0 0 0 0 0 0 0 0 7 0 0 11 5 0 3 0 0 0 0 0 0 0 9 0 0 0 0 0 0 0 0 0 0 0 0 0 0 0 0 0 0 0 10 0 6 1 3 0 0 0 0 4 0 0 0 0 0 0 0 3 3 0 0 0 0 0 0 0 6 0 0 0 0 0 0 2 0 0 0 0 0 0 1 0 0 0 0 0 0 0 3 0 0 0 0 5 4 0 7 7 0 10 0 0 0 0 8 6 11 0 0 0 0 5 0 5 0 4 9 7 0 0 0
0 0 0 7 0 0 1 0 0 0 4 0 0 3 11 0 6 0 0 0 0 0 5 1 1 0 0 4 4 0 0 3 0 0 0 0 0 0 0 0 0 3 0 0 0 0 0 0 0 0 0 0 5 0 8 0 3 0 3 0 5 3 0 0 1 0 0 0 10 0 0 3 2 0 0 2 2 0 1 3 0 3 0 0 0 0 2 0 9 0 0 0 0 2 0 1 0 9 2 0 0 0 0 0 0 0 2 5 0 0 0 3 9 0 0 0 0 0 0 4 4 0 0 0 0 0 0 0 0 0 0 6 5 1 0 0 0 0 0 0 0 6 0 0 6 3 0 1 0 0 0 0 0 3 0 0 0 0 0 0 0 0 0 0 1 0 0 0 2 0 0 0 0 0 0 4 0 4 1 3 0 0 0 0 5 0 0 0 0 4 0 2 3 4 5 0 0 0 0 0 0 0 0 0 0 0 0 0 1 3 2 0 0 0 0 6 0 0 0 0 4 0 1 6 0 0 0 0 4 0 1 5 6 0 5 0 0 0 0 4 4 5 0 0 5 3 5 0 5 0 2 8 4 0 0 0
0 2 0 0 0 5 4 0 0 0 0 4 0 0 1 0 1 0 0 0 0 0 0 0 0 0 0 0 0 0 0 6 0 9 0 0 0 0 0 0 0 0 0 0 0 5 0 3 0 0 0 0 3 0 0 0 0 0 0 0 0 3 0 0 12 12 0 5 0 1 0 0 0 4 3 0 0 0 0 1 0 0 0 0 0 0 16 0 0 0 0 4 5 1 0 0 0 0 5 0 0 0 0 0 0 0 0 4 5 4 0 6 0 0 0 0 0 0 0 4 0 0 5 0 0 0 0 0 0 6 0 0 0 0 0 0 0 0 0 0 0 1 0 0 0 1 0 5 0 0 0 0 0 0 0 15 0 0 0 0 0 0 0 0 0 6 0 0 0 0 0 0 0 0 0 4 0 8 0 0 0 0 0 0 0 0 0 0 0 0 0 3 10 0 0 0 0 0 12 0 0 11 3 0 0 0 0 0 0 0 0 0 0 2 11 0 0 0 12 0 0 0 0 0 0 0 5 0 2 0 0 0 0 4 2 0 4 0 0 6 0 1 0 0 0 6 5 0 0 0 0 0 10 0 0 0
0 0 0 9 0 0 7 0 0 0 5 0 0 2 9 0 12 0 0 0 0 0 1 0 0 0 0 4 6 0 0 6 0 0 0 0 2 0 0 0 0 3 0 0 0 0 0 1 0 0 0 0 9 0 1 0 0 0 0 0 1 12 0 0 5 3 3 1 15 0 0 0 0 0 1 0 2 0 0 5 0 0 0 0 0 0 7 0 15 0 0 0 1 0 0 0 0 4 0 0 0 0 0 0 1 0 0 10 0 0 0 5 6 0 0 0 0 0 0 0 5 0 5 0 0 0 0 0 0 0 0 9 6 0 0 0 0 0 0 0 0 8 0 0 12 5 0 3 0 0 0 0 0 0 0 9 0 0 0 0 0 0 0 0 0 0 0 0 0 0 0 0 0 0 0 10 0 6 1 4 0 0 0 0 4 0 0 0 0 0 0 0 3 4 0 0 0 0 0 0 0 6 0 0 0 0 0 0 2 0 0 0 0 0 0 2 0 0 0 0 0 0 0 4 0 0 0 0 5 4 0 8 7 0 11 0 0 0 0 8 7 11 0 0 0 0 5 0 6 0 4 9 8 0 0 0
0 1 0 0 0 4 5 0 0 0 0 2 0 0 1 0 3 0 0 0 0 0 0 0 0 0 0 0 0 0 0 6 0 8 1 0 0 0 0 0 0 0 0 0 0 5 0 3 0 0 0 0 4 0 0 0 0 0 0 0 0 3 0 0 12 11 0 4 0 2 0 0 0 4 3 0 0 0 0 1 0 0 0 0 0 0 15 0 0 0 0 4 4 0 0 0 0 0 4 0 0 0 0 0 1 0 0 4 5 4 0 6 0 0 0 0 0 0 0 3 0 0 5 0 0 0 0 0 0 5 0 0 0 0 0 0 0 0 0 0 0 1 0 0 0 1 0 6 0 0 0 0 0 0 0 14 0 0 0 0 0 0 0 0 0 5 0 0 0 0 0 0 0 0 0 4 0 7 0 0 0 0 0 0 0 0 0 0 0 0 0 3 9 0 0 0 0 0 10 0 0 11 3 0 0 0 0 0 0 0 0 0 0 1 10 0 0 0 10 0 0 0 0 0 0 0 4 0 2 1 0 0 0 4 3 0 4 0 0 6 0 2 0 0 0 5 4 0 0 0 0 0 9 0 0 0
0 0 0 6 0 0 3 0 0 0 2 0 0 2 7 0 6 0 0 0 0 0 1 0 0 0 0 2 4 0 0 3 0 0 0 0 1 0 0 0 0 2 0 0 0 0 0 1 0 0 0 0 5 0 2 0 0 0 0 0 2 5 0 0 3 1 1 0 8 0 0 1 1 0 1 0 1 0 0 2 0 0 0 0 0 0 4 0 8 0 0 0 0 0 0 0 0 4 0 0 0 0 0 0 0 0 0 5 0 0 0 3 5 0 0 0 0 0 1 2 3 0 2 0 0 0 0 0 0 0 0 5 3 0 0 0 0 0 0 0 0 5 0 0 6 3 0 2 0 0 0 0 0 0 0 4 0 0 0 0 0 0 0 0 0 0 0 0 0 0 0 0 0 0 0 5 0 4 1 2 0 0 0 0 3 0 0 0 0 0 0 1 3 2 0 0 0 0 0 0 0 3 0 0 0 0 0 0 1 0 0 0 0 0 0 2 0 0 0 0 1 0 0 3 0 0 0 0 3 2 0 4 5 0 6 0 0 0 0 4 4 6 0 0 1 1 4 0 4 0 2 6 4 0 0 0
0 0 0 0 0 2 5 0 0 0 1 2 0 0 3 0 5 0 0 0 0 0 0 0 0 0 0 0 0 0 0 7 0 7 1 0 0 0 0 0 0 0 0 0 0 4 0 3 0 0 0 0 3 0 0 0 0 0 0 0 0 4 0 0 9 9 0 4 1 1 0 0 0 3 4 0 2 0 0 4 0 0 0 0 0 0 13 0 1 0 0 3 2 0 0 0 0 0 3 0 0 0 0 0 2 0 0 4 5 3 0 5 0 0 0 0 0 0 0 1 0 0 3 0 0 0 0 0 0 3 0 0 0 0 0 0 0 0 0 0 0 0 0 0 1 3 0 5 0 0 0 0 0 0 0 12 0 0 0 0 0 0 0 0 0 5 0 0 0 0 0 0 0 0 0 4 0 6 0 0 0 0 0 0 0 0 0 0 0 0 0 4 7 1 0 0 0 0 8 0 0 10 2 0 0 0 0 0 0 0 0 0 0 0 9 0 0 0 8 0 0 0 0 0 0 0 5 0 3 1 0 0 0 3 3 0 3 0 0 6 1 2 0 0 0 3 3 0 0 0 0 2 7 0 0 0
0 2 0 0 0 6 3 0 0 0 0 5 0 0 1 1 1 0 0 1 0 0 0 0 0 0 0 0 0 0 0 6 0 8 0 0 0 0 0 0 0 0 0 0 0 5 0 3 0 0 0 0 2 0 0 0 0 0 0 0 0 1 0 1 11 10 0 4 0 1 0 0 0 4 4 0 0 0 0 1 0 0 0 0 0 0 15 0 0 0 0 4 4 1 0 0 0 0 5 0 0 0 0 0 0 0 0 3 5 3 0 5 0 0 0 0 0 0 0 3 0 0 3 0 0 0 0 0 0 5 0 0 0 0 0 0 0 0 0 0 0 0 0 0 0 1 0 5 0 0 0 0 0 0 0 13 1 0 0 0 0 0 0 0 0 6 0 0 0 0 0 0 0 0 0 3 0 7 0 0 0 0 0 0 0 0 0 0 0 0 0 4 10 0 0 0 0 0 10 0 0 10 4 0 0 0 0 0 0 0 0 0 0 1 11 0 0 0 11 0 0 0 0 0 0 0 6 0 1 0 0 0 0 4 1 0 3 0 0 5 0 0 0 0 0 5 4 0 0 0 0 0 7 0 0 0
0 3 0 0 0 8 5 0 0 0 0 5 0 0 0 2 0 0 0 2 0 0 0 0 0 0 0 0 0 0 0 6 0 11 1 0 0 0 0 0 0 0 0 0 0 6 0 4 0 0 0 0 3 0 0 0 0 0 0 0 0 1 0 1 13 13 0 6 0 1 0 0 0 5 5 0 0 0 0 1 0 0 0 0 0 0 18 0 0 0 0 5 6 1 0 0 0 0 6 0 0 0 0 0 1 0 0 2 6 5 0 6 0 0 0 0 0 0 0 3 0 0 5 0 0 0 0 0 0 7 0 0 0 0 0 0 0 0 0 0 0 0 0 0 0 1 0 6 0 0 0 0 0 0 0 15 1 0 0 0 0 0 0 0 0 7 0 0 0 0 0 0 1 0 0 3 0 8 0 0 0 0 0 0 0 0 0 0 0 0 0 4 11 0 0 0 0 0 13 0 0 11 6 0 0 0 0 0 0 0 0 0 0 1 14 0 1 0 13 0 0 0 0 0 0 0 7 0 1 0 0 0 0 5 1 0 5 0 0 6 0 0 0 0 0 6 5 0 0 0 0 0 9 0 0 0
0 1 0 0 0 3 6 0 0 0 0 2 0 0 2 0 4 0 0 0 0 0 0 0 0 0 0 0 1 0 0 7 0 8 1 0 0 0 0 0 0 0 0 0 0 5 0 4 0 0 0 0 4 0 0 0 0 0 0 0 0 4 0 0 12 11 0 5 1 1 0 0 0 4 4 0 0 0 0 2 0 0 0 0 0 0 16 0 1 0 0 4 4 0 0 0 0 0 4 0 0 0 0 0 1 0 0 5 5 3 0 6 0 0 0 0 0 0 0 2 0 0 5 0 0 0 0 0 0 5 0 0 0 0 0 0 0 0 0 0 0 1 0 0 1 2 0 6 0 0 0 0 0 0 0 14 0 0 0 0 0 0 0 0 0 5 0 0 0 0 0 0 0 0 0 5 0 7 0 0 0 0 0 0 0 0 0 0 0 0 0 4 9 0 0 0 0 0 9 0 0 11 2 0 0 0 0 0 0 0 0 0 0 0 10 0 0 0 9 0 0 0 0 0 0 0 5 0 2 2 0 0 0 3 4 0 4 0 0 7 0 2 0 0 0 4 4 0 0 0 1 1 9 0 0 0
