calibration_start = 10

net 0, layer 1
42,28,5,87,55,88,50,46,82,40,36,78,2,4,3,47,83,66,64,54,49,44,76,10,45,72,84,7,0,68,37,34,43,77,19,31,57,12,38,48,58,60,6,86,29,1,22,56,16,20,70,11,17,26,32,61,62,67,80,63,14,24,30,69,74,21,27,85,52,81,13,75,15,51,9,59,53,8,41,18,73,39,65,23,89,79,25,33,35,71,42,28,5,87,55,88,50,46,82,40,
net 0, layer 2
42,28,5,87,55,88,50,46,82,40,36,78,2,4,3,47,83,66,64,54,49,44,76,10,45,72,84,7,0,68,37,34,43,77,19,31,57,12,38,48,58,60,6,86,29,1,22,56,16,20,70,11,17,26,32,61,62,67,80,63,14,24,30,69,74,21,27,85,52,81,13,75,15,51,9,59,53,8,41,18,73,39,65,23,89,79,25,33,35,71,42,28,5,87,55,88,50,46,82,40,
net 0, layer 3
42,28,5,87,55,88,50,46,82,40,36,78,2,4,3,47,83,66,64,54,49,44,76,10,45,72,84,7,0,68,37,34,43,77,19,31,57,12,38,48,58,60,6,86,29,1,22,56,16,20,70,11,17,26,32,61,62,67,80,63,14,24,30,69,74,21,27,85,52,81,13,75,15,51,9,59,53,8,41,18,73,39,65,23,89,79,25,33,35,71,42,28,5,87,55,88,50,46,82,40,
net 0, layer 4
42,28,5,87,55,88,50,46,82,40,36,78,2,4,3,47,83,66,64,54,49,44,76,10,45,72,84,7,0,68,37,34,43,77,19,31,57,12,38,48,58,60,6,86,29,1,22,56,16,20,70,11,17,26,32,61,62,67,80,63,14,24,30,69,74,21,27,85,52,81,13,75,15,51,9,59,53,8,41,18,73,39,65,23,89,79,25,33,35,71,42,28,5,87,55,88,50,46,82,40,
net 0, layer 5
42,28,5,87,55,88,50,46,82,40,36,78,2,4,3,47,83,66,64,54,49,44,76,10,45,72,84,7,0,68,37,34,43,77,19,31,57,12,38,48,58,60,6,86,29,1,22,56,16,20,70,11,17,26,32,61,62,67,80,63,14,24,30,69,74,21,27,85,52,81,13,75,15,51,9,59,53,8,41,18,73,39,65,23,89,79,25,33,35,71,42,28,5,87,55,88,50,46,82,40,
net 0, layer 6
42,28,5,87,55,88,50,46,82,40,36,78,2,4,3,47,83,66,64,54,49,44,76,10,45,72,84,7,0,68,37,34,43,77,19,31,57,12,38,48,58,60,6,86,29,1,22,56,16,20,70,11,17,26,32,61,62,67,80,63,14,24,30,69,74,21,27,85,52,81,13,75,15,51,9,59,53,8,41,18,73,39,65,23,89,79,25,33,35,71,42,28,5,87,55,88,50,46,82,40,
net 0, layer 7
42,28,5,87,55,88,50,46,82,40,36,78,2,4,3,47,83,66,64,54,49,44,76,10,45,72,84,7,0,68,37,34,43,77,19,31,57,12,38,48,58,60,6,86,29,1,22,56,16,20,70,11,17,26,32,61,62,67,80,63,14,24,30,69,74,21,27,85,52,81,13,75,15,51,9,59,53,8,41,18,73,39,65,23,89,79,25,33,35,71,42,28,5,87,55,88,50,46,82,40,
net 0, layer 8
42,28,5,87,55,88,50,46,82,40,36,78,2,4,3,47,83,66,64,54,49,44,76,10,45,72,84,7,0,68,37,34,43,77,19,31,57,12,38,48,58,60,6,86,29,1,22,56,16,20,70,11,17,26,32,61,62,67,80,63,14,24,30,69,74,21,27,85,52,81,13,75,15,51,9,59,53,8,41,18,73,39,65,23,89,79,25,33,35,71,42,28,5,87,55,88,50,46,82,40,
net 0, layer 9
42,28,5,87,55,88,50,46,82,40,36,78,2,4,3,47,83,66,64,54,49,44,76,10,45,72,84,7,0,68,37,34,43,77,19,31,57,12,38,48,58,60,6,86,29,1,22,56,16,20,70,11,17,26,32,61,62,67,80,63,14,24,30,69,74,21,27,85,52,81,13,75,15,51,9,59,53,8,41,18,73,39,65,23,89,79,25,33,35,71,42,28,5,87,55,88,50,46,82,40,